0 0 0 0 0 0 0 0 0 0 0 0 0 0 0 0 0 0 0 0 0 0 0 0 0 0 0 0 0 0 0 0 0 0 0 0 0 0 0 0 0 0 0 0 0 0 0 0 0 0 0 0 0 0 0 0 0 0 0 0 0 0 0
0 0 0 0 0 0 0 0 0 0 0 0 0 0 0 0 0 0 0 0 0 0 0 0 0 0 0 0 0 0 0 0 0 0 0 0 0 0 0 0 0 0 0 0 0 0 0 0 0 0 0 0 0 0 0 0 0 0 0 0 0 0 0
0.3153270483016968 0.7704729437828064 1.2195883414278796e-08 0.38660964369773865 0.7182835936546326 0.1007622703909874 0.425160676240921 0.6249696612358093 0.1597878634929657 0.43621620535850525 0.5602927207946777 0.19795913994312286 0.44705820083618164 0.5037930011749268 0.23048712313175201 0.4008590281009674 0.5350984334945679 0.15195991098880768 0.46050918102264404 0.4608785808086395 0.19992780685424805 0.5009214878082275 0.4146331250667572 0.2312934398651123 0.5344061255455017 0.3822966516017914 0.24910281598567963 0.4000371992588043 0.5299338102340698 0.10568609833717346 0.4710710048675537 0.44387516379356384 0.16131563484668732 0.5242813229560852 0.39059537649154663 0.1914568692445755 0.5686245560646057 0.35400646924972534 0.20553088188171387 0.3999553322792053 0.5315698385238647 0.06099500507116318 0.47559040784835815 0.43780556321144104 0.10070344805717468 0.522016704082489 0.3917938470840454 0.12078990787267685 0.5597177743911743 0.34958338737487793 0.12700684368610382 0.4054582118988037 0.5364722609519958 0.02035379596054554 0.45039936900138855 0.4752315282821655 0.04268627613782883 0.4708715081214905 0.44704362750053406 0.05660131946206093 0.48685935139656067 0.42070215940475464 0.06338858604431152
0.34256285429000854 0.8477129340171814 2.8625071202270647e-09 0.4011555314064026 0.8212080001831055 0.11977354437112808 0.4452136158943176 0.7456027269363403 0.19223137199878693 0.46262192726135254 0.6961818933486938 0.23977169394493103 0.4822677671909332 0.6657538414001465 0.28246456384658813 0.4246918261051178 0.6203205585479736 0.1854567527770996 0.48698148131370544 0.5551165342330933 0.2365092933177948 0.5461032390594482 0.5227243900299072 0.2650710940361023 0.5969791412353516 0.5137099623680115 0.28219106793403625 0.42453452944755554 0.5958540439605713 0.13232102990150452 0.4959261119365692 0.5132626891136169 0.19007521867752075 0.5623013973236084 0.4804896414279938 0.21588005125522614 0.6217025518417358 0.4710705876350403 0.22897522151470184 0.43020981550216675 0.5821641087532043 0.08057485520839691 0.5018572807312012 0.4896237254142761 0.125613272190094 0.5598620772361755 0.4601007103919983 0.14735287427902222 0.6091732382774353 0.4501725733280182 0.1558452844619751 0.44484609365463257 0.578559398651123 0.03333413228392601 0.49840009212493896 0.5005359053611755 0.06011388078331947 0.535631537437439 0.4650071859359741 0.07509616017341614 0.5702794790267944 0.44579780101776123 0.08298251032829285
0.34174996614456177 0.8300979733467102 1.4714933715964662e-09 0.3930087983608246 0.8246062397956848 0.15570983290672302 0.42911702394485474 0.764629065990448 0.24489854276180267 0.4469861388206482 0.7256783246994019 0.2977009117603302 0.47371017932891846 0.6918689012527466 0.34799930453300476 0.45073869824409485 0.6360304951667786 0.2689805030822754 0.48246872425079346 0.5669949054718018 0.3445048928260803 0.5053036212921143 0.520832896232605 0.39064159989356995 0.5228556394577026 0.4924044609069824 0.42063790559768677 0.4572690427303314 0.5982648730278015 0.20049631595611572 0.47786107659339905 0.49412453174591064 0.2820841372013092 0.4860299825668335 0.4465245008468628 0.33422109484672546 0.4905834496021271 0.4112493693828583 0.370841920375824 0.4675024747848511 0.5687808990478516 0.13189244270324707 0.5013094544410706 0.4592122435569763 0.19904381036758423 0.5134286284446716 0.4189484119415283 0.2570578157901764 0.5211549401283264 0.38670530915260315 0.29369425773620605 0.4873269498348236 0.5505036115646362 0.06758341938257217 0.5303808450698853 0.4667925238609314 0.11544410139322281 0.5546615123748779 0.42087632417678833 0.15861693024635315 0.5694583058357239 0.37916553020477295 0.19061075150966644
0.33106860518455505 0.7926984429359436 1.0840105701959146e-08 0.3933861255645752 0.7487969994544983 0.1159164234995842 0.42953911423683167 0.6817123889923096 0.18280602991580963 0.4432160556316376 0.6406468152999878 0.22514785826206207 0.4669457674026489 0.6020259261131287 0.26489537954330444 0.4133177399635315 0.5520546436309814 0.1846846342086792 0.4768834412097931 0.483668714761734 0.23576463758945465 0.5222112536430359 0.45487672090530396 0.26642730832099915 0.5567012429237366 0.4442628026008606 0.28628429770469666 0.4188048839569092 0.5389948487281799 0.1367928385734558 0.5006008148193359 0.4654785096645355 0.19796627759933472 0.5617473721504211 0.4473065733909607 0.22841985523700714 0.6100475192070007 0.4486129879951477 0.24566984176635742 0.430696040391922 0.5409339666366577 0.08971144258975983 0.5102196931838989 0.4618620276451111 0.14085280895233154 0.5596948266029358 0.45266035199165344 0.16866016387939453 0.5984456539154053 0.4545588493347168 0.1819278448820114 0.45003873109817505 0.5535822510719299 0.046792615205049515 0.5064483284950256 0.5012560486793518 0.08071737736463547 0.5463095903396606 0.48587003350257874 0.10118106007575989 0.5823861956596375 0.481086790561676 0.1143132895231247
0 0 0 0 0 0 0 0 0 0 0 0 0 0 0 0 0 0 0 0 0 0 0 0 0 0 0 0 0 0 0 0 0 0 0 0 0 0 0 0 0 0 0 0 0 0 0 0 0 0 0 0 0 0 0 0 0 0 0 0 0 0 0
0 0 0 0 0 0 0 0 0 0 0 0 0 0 0 0 0 0 0 0 0 0 0 0 0 0 0 0 0 0 0 0 0 0 0 0 0 0 0 0 0 0 0 0 0 0 0 0 0 0 0 0 0 0 0 0 0 0 0 0 0 0 0
0 0 0 0 0 0 0 0 0 0 0 0 0 0 0 0 0 0 0 0 0 0 0 0 0 0 0 0 0 0 0 0 0 0 0 0 0 0 0 0 0 0 0 0 0 0 0 0 0 0 0 0 0 0 0 0 0 0 0 0 0 0 0
0 0 0 0 0 0 0 0 0 0 0 0 0 0 0 0 0 0 0 0 0 0 0 0 0 0 0 0 0 0 0 0 0 0 0 0 0 0 0 0 0 0 0 0 0 0 0 0 0 0 0 0 0 0 0 0 0 0 0 0 0 0 0
0 0 0 0 0 0 0 0 0 0 0 0 0 0 0 0 0 0 0 0 0 0 0 0 0 0 0 0 0 0 0 0 0 0 0 0 0 0 0 0 0 0 0 0 0 0 0 0 0 0 0 0 0 0 0 0 0 0 0 0 0 0 0
0 0 0 0 0 0 0 0 0 0 0 0 0 0 0 0 0 0 0 0 0 0 0 0 0 0 0 0 0 0 0 0 0 0 0 0 0 0 0 0 0 0 0 0 0 0 0 0 0 0 0 0 0 0 0 0 0 0 0 0 0 0 0
0 0 0 0 0 0 0 0 0 0 0 0 0 0 0 0 0 0 0 0 0 0 0 0 0 0 0 0 0 0 0 0 0 0 0 0 0 0 0 0 0 0 0 0 0 0 0 0 0 0 0 0 0 0 0 0 0 0 0 0 0 0 0
0 0 0 0 0 0 0 0 0 0 0 0 0 0 0 0 0 0 0 0 0 0 0 0 0 0 0 0 0 0 0 0 0 0 0 0 0 0 0 0 0 0 0 0 0 0 0 0 0 0 0 0 0 0 0 0 0 0 0 0 0 0 0
0 0 0 0 0 0 0 0 0 0 0 0 0 0 0 0 0 0 0 0 0 0 0 0 0 0 0 0 0 0 0 0 0 0 0 0 0 0 0 0 0 0 0 0 0 0 0 0 0 0 0 0 0 0 0 0 0 0 0 0 0 0 0
0.3139682412147522 0.7744978070259094 9.182318017053603e-09 0.3915192782878876 0.7069449424743652 0.0852372795343399 0.4256906509399414 0.6094353199005127 0.12792696058750153 0.4395287036895752 0.541681170463562 0.15143539011478424 0.4470851421356201 0.47035208344459534 0.1703438013792038 0.4062036871910095 0.524593710899353 0.11271244287490845 0.4549766480922699 0.43474581837654114 0.13883008062839508 0.4809151291847229 0.37916746735572815 0.1549370437860489 0.5009384751319885 0.33355098962783813 0.1628577709197998 0.3980444371700287 0.5179889798164368 0.06673339754343033 0.4610309302806854 0.4123711585998535 0.09417860954999924 0.5042362809181213 0.3460768461227417 0.10754702985286713 0.5396771430969238 0.2977498173713684 0.11235837638378143 0.3872019052505493 0.5221953392028809 0.022939365357160568 0.44819632172584534 0.4129554033279419 0.042221494019031525 0.48513883352279663 0.35809487104415894 0.05357865244150162 0.5119456052780151 0.31097710132598877 0.0565250925719738 0.3796941041946411 0.53456050157547 -0.017124027013778687 0.4184684157371521 0.4655264616012573 -0.007078290916979313 0.4394877254962921 0.42811909317970276 0.001274819253012538 0.4546523988246918 0.39437419176101685 0.004996222909539938
0.34491419792175293 0.854752242565155 9.360932473612138e-09 0.41751280426979065 0.8212287425994873 0.1117430180311203 0.4510148763656616 0.7389165163040161 0.1758439540863037 0.4625450670719147 0.6914699673652649 0.21348583698272705 0.4775156080722809 0.6512883901596069 0.2464689016342163 0.42759302258491516 0.6110022664070129 0.18406175076961517 0.4666861295700073 0.5169600248336792 0.23283863067626953 0.49925169348716736 0.4526078701019287 0.259673535823822 0.5244660973548889 0.4058189392089844 0.27523013949394226 0.41994836926460266 0.5878945589065552 0.1292096972465515 0.4452812969684601 0.4685806930065155 0.18618279695510864 0.46145492792129517 0.38767871260643005 0.21498934924602509 0.47157594561576843 0.3306400179862976 0.23034480214118958 0.4195083677768707 0.574285626411438 0.07391717284917831 0.44916433095932007 0.44926947355270386 0.11655908077955246 0.4593387544155121 0.37777823209762573 0.14133845269680023 0.46722298860549927 0.3216446042060852 0.152210995554924 0.43262261152267456 0.5716904997825623 0.021734585985541344 0.4640391767024994 0.48404887318611145 0.0471387580037117 0.482810378074646 0.42483067512512207 0.06434417515993118 0.49904486536979675 0.37443122267723083 0.07396809756755829
0.3253324031829834 0.8722168207168579 4.347529447557008e-09 0.39512696862220764 0.8587945103645325 0.14038722217082977 0.43811899423599243 0.7918481826782227 0.22184798121452332 0.46106013655662537 0.7459120750427246 0.2720404267311096 0.49006906151771545 0.7071771621704102 0.3180857300758362 0.4430968463420868 0.6600877046585083 0.22800762951374054 0.48983585834503174 0.5819935202598572 0.2922932803630829 0.5283809304237366 0.5214976668357849 0.3320959210395813 0.5605547428131104 0.48439913988113403 0.3575054109096527 0.4454960227012634 0.6327820420265198 0.16458211839199066 0.4996011555194855 0.5320537090301514 0.2352496236562729 0.5406773686408997 0.47538793087005615 0.28172147274017334 0.5757479667663574 0.4327111840248108 0.31270065903663635 0.4508432149887085 0.6105241775512695 0.10167998820543289 0.5072121024131775 0.5053476095199585 0.1598094254732132 0.5449423789978027 0.4579366147518158 0.2103327512741089 0.5758723020553589 0.4187086820602417 0.24091549217700958 0.46666187047958374 0.5969696640968323 0.042525481432676315 0.513355016708374 0.5064421892166138 0.0804203525185585 0.5440314412117004 0.45343905687332153 0.1151072159409523 0.5673751831054688 0.4067491292953491 0.1404954344034195
0.32410141825675964 0.8195028305053711 5.739894337608575e-09 0.40290695428848267 0.7971888780593872 0.11653406918048859 0.446432501077652 0.7211849093437195 0.18339042365550995 0.4677655100822449 0.6688422560691833 0.22216427326202393 0.4991510808467865 0.6234925985336304 0.2566489577293396 0.43297991156578064 0.5902194380760193 0.20529545843601227 0.4949953556060791 0.5265777111053467 0.26179131865501404 0.5438714027404785 0.48526203632354736 0.29435983300209045 0.5816894173622131 0.46518993377685547 0.3138490319252014 0.43063944578170776 0.573141872882843 0.14880575239658356 0.501257061958313 0.5031304955482483 0.21704691648483276 0.5535207986831665 0.47085362672805786 0.2526701092720032 0.5967676043510437 0.4510297179222107 0.2729169726371765 0.4351033866405487 0.5618274807929993 0.09093106538057327 0.5060738921165466 0.48114871978759766 0.14749358594417572 0.5504081845283508 0.45262372493743896 0.18453457951545715 0.5863946676254272 0.42826634645462036 0.2019808441400528 0.451518714427948 0.5592369437217712 0.03513919189572334 0.5048151016235352 0.48805975914001465 0.07033666223287582 0.5419490337371826 0.44718679785728455 0.09590587019920349 0.5737946629524231 0.4116577208042145 0.11194446682929993
0.32312533259391785 0.7722853422164917 8.058682610112555e-09 0.39359745383262634 0.716681957244873 0.054949380457401276 0.4350513517856598 0.6186783313751221 0.08692140132188797 0.4505241811275482 0.5429544448852539 0.10898368060588837 0.4587430953979492 0.4765624403953552 0.12828727066516876 0.4369182288646698 0.5433610081672668 0.05927664414048195 0.5027661919593811 0.4618505835533142 0.07553116977214813 0.5454975962638855 0.4066118597984314 0.08523079752922058 0.581048309803009 0.3611723780632019 0.0898047387599945 0.4291619658470154 0.5391839742660522 0.03445005416870117 0.49628543853759766 0.4495629668235779 0.05216770991683006 0.5416814684867859 0.3905007243156433 0.05831253156065941 0.578732967376709 0.34413355588912964 0.0581381730735302 0.4200238883495331 0.5435857772827148 0.013316755183041096 0.47715896368026733 0.4494372606277466 0.02698289230465889 0.5133340358734131 0.3966326117515564 0.03182831034064293 0.5415929555892944 0.3576289713382721 0.031054144725203514 0.4077785313129425 0.5541167855262756 -0.005118608009070158 0.4281851351261139 0.48145246505737305 0.002467047655954957 0.4424031376838684 0.4295642077922821 0.004672928713262081 0.4561706781387329 0.38664954900741577 0.004191506654024124
0 0 0 0 0 0 0 0 0 0 0 0 0 0 0 0 0 0 0 0 0 0 0 0 0 0 0 0 0 0 0 0 0 0 0 0 0 0 0 0 0 0 0 0 0 0 0 0 0 0 0 0 0 0 0 0 0 0 0 0 0 0 0
0 0 0 0 0 0 0 0 0 0 0 0 0 0 0 0 0 0 0 0 0 0 0 0 0 0 0 0 0 0 0 0 0 0 0 0 0 0 0 0 0 0 0 0 0 0 0 0 0 0 0 0 0 0 0 0 0 0 0 0 0 0 0
0 0 0 0 0 0 0 0 0 0 0 0 0 0 0 0 0 0 0 0 0 0 0 0 0 0 0 0 0 0 0 0 0 0 0 0 0 0 0 0 0 0 0 0 0 0 0 0 0 0 0 0 0 0 0 0 0 0 0 0 0 0 0
0 0 0 0 0 0 0 0 0 0 0 0 0 0 0 0 0 0 0 0 0 0 0 0 0 0 0 0 0 0 0 0 0 0 0 0 0 0 0 0 0 0 0 0 0 0 0 0 0 0 0 0 0 0 0 0 0 0 0 0 0 0 0
0 0 0 0 0 0 0 0 0 0 0 0 0 0 0 0 0 0 0 0 0 0 0 0 0 0 0 0 0 0 0 0 0 0 0 0 0 0 0 0 0 0 0 0 0 0 0 0 0 0 0 0 0 0 0 0 0 0 0 0 0 0 0
0.5466294288635254 0.5096694231033325 -2.119658670807212e-09 0.5295726656913757 0.4748384952545166 6.792382191633806e-05 0.5213316082954407 0.4355400502681732 -0.010848513804376125 0.51216059923172 0.40728074312210083 -0.025080667808651924 0.5066989660263062 0.3833143413066864 -0.04051005467772484 0.5483459234237671 0.3905350863933563 -0.01937195658683777 0.5541706681251526 0.337300568819046 -0.03684547170996666 0.5530120134353638 0.2978697419166565 -0.05101582407951355 0.5503352284431458 0.2662883996963501 -0.06250707805156708 0.557054340839386 0.3960311710834503 -0.03300756961107254 0.5659686923027039 0.33841004967689514 -0.05401374772191048 0.5642414093017578 0.2971195578575134 -0.07023578882217407 0.5621928572654724 0.2647455930709839 -0.08292406052350998 0.5645961761474609 0.4107898473739624 -0.04589410871267319 0.5876324772834778 0.3684796690940857 -0.06433257460594177 0.5916070342063904 0.3643362522125244 -0.07206737995147705 0.5923938751220703 0.3674459755420685 -0.0774267241358757 0.5708268284797668 0.431118905544281 -0.05950121954083443 0.5925670862197876 0.40619078278541565 -0.07539504766464233 0.5971790552139282 0.400337278842926 -0.08120303601026535 0.597954273223877 0.4000774323940277 -0.0854446142911911
0.3680279850959778 0.7200784683227539 7.217697106653986e-09 0.39153581857681274 0.6471938490867615 0.020719405263662338 0.422954797744751 0.5446521639823914 0.03363539278507233 0.441305935382843 0.46794450283050537 0.04288393259048462 0.45146921277046204 0.4026734232902527 0.049547966569662094 0.443856805562973 0.5154107809066772 0.01765548810362816 0.500531792640686 0.43117958307266235 0.019312527030706406 0.5405696034431458 0.37182489037513733 0.018676891922950745 0.5737894177436829 0.32271474599838257 0.01676519401371479 0.45069438219070435 0.5247311592102051 0.006787161808460951 0.5070430040359497 0.43491894006729126 0.009068076498806477 0.5469348430633545 0.37093937397003174 0.005276239011436701 0.5781068801879883 0.31751641631126404 -0.00040831617661751807 0.45700833201408386 0.5390904545783997 -0.0019520975183695555 0.509681224822998 0.45009320974349976 -0.0014411641750484705 0.5454319715499878 0.3936392068862915 -0.005184460896998644 0.5694105625152588 0.35095614194869995 -0.009668548591434956 0.4619593322277069 0.5549294948577881 -0.0099185761064291 0.4981306195259094 0.4861488342285156 -0.011147546581923962 0.5204411745071411 0.43838122487068176 -0.01448451355099678 0.5356903076171875 0.39778101444244385 -0.01846657507121563
0 0 0 0 0 0 0 0 0 0 0 0 0 0 0 0 0 0 0 0 0 0 0 0 0 0 0 0 0 0 0 0 0 0 0 0 0 0 0 0 0 0 0 0 0 0 0 0 0 0 0 0 0 0 0 0 0 0 0 0 0 0 0
0.32919466495513916 0.7425925731658936 1.876948374501808e-08 0.4108690321445465 0.6985528469085693 0.09167937189340591 0.45040661096572876 0.6094890832901001 0.14456899464130402 0.46006831526756287 0.5461275577545166 0.17695321142673492 0.46305692195892334 0.488587349653244 0.2048032432794571 0.43333107233047485 0.5050560235977173 0.14185777306556702 0.487468957901001 0.41855308413505554 0.18313540518283844 0.517650842666626 0.36146512627601624 0.20946234464645386 0.5398910045623779 0.31851673126220703 0.22423821687698364 0.42719486355781555 0.49430450797080994 0.09649605304002762 0.490426629781723 0.3989953100681305 0.14229702949523926 0.5272617936134338 0.33951348066329956 0.16738185286521912 0.5537706613540649 0.29778122901916504 0.1799696385860443 0.4181431233882904 0.49032431840896606 0.052266862243413925 0.47493261098861694 0.38701537251472473 0.08476249873638153 0.4982556998729706 0.3253118395805359 0.10318799316883087 0.5160409212112427 0.2720769941806793 0.11027166992425919 0.4122285544872284 0.49501174688339233 0.01108707394450903 0.431799978017807 0.4124262034893036 0.028445208445191383 0.4342517554759979 0.3602500259876251 0.040931664407253265 0.43460389971733093 0.3148757815361023 0.04795840010046959
0.3383595943450928 0.7944444417953491 1.0227069857648985e-08 0.41263464093208313 0.7509074807167053 0.09252670407295227 0.4510955214500427 0.6719352006912231 0.14129705727100372 0.469468891620636 0.6195380091667175 0.1689731478691101 0.4874352514743805 0.573168933391571 0.19119755923748016 0.43601495027542114 0.5709444284439087 0.12573426961898804 0.47521811723709106 0.4798533320426941 0.15401576459407806 0.4998757541179657 0.4113694429397583 0.16927438974380493 0.517372727394104 0.36007198691368103 0.17671579122543335 0.43174391984939575 0.5560606122016907 0.07593251764774323 0.483081191778183 0.44941985607147217 0.10615590214729309 0.5188063383102417 0.3729400038719177 0.11940331757068634 0.545202374458313 0.31545108556747437 0.12432494014501572 0.4270860552787781 0.5497015118598938 0.027897115796804428 0.4759911596775055 0.43709978461265564 0.04874514788389206 0.502656877040863 0.36695295572280884 0.06067033112049103 0.5223841667175293 0.3109464645385742 0.06411950290203094 0.4258345365524292 0.5553939938545227 -0.016522331163287163 0.44949036836624146 0.46073952317237854 -0.008493417873978615 0.45881929993629456 0.401863694190979 -0.0009622745565138757 0.465567022562027 0.3550940155982971 0.002933080308139324
0.3774292469024658 0.8630854487419128 8.123597794451598e-09 0.45091643929481506 0.8235478401184082 0.10240612924098969 0.4915488064289093 0.738245964050293 0.15778358280658722 0.5105723738670349 0.6851764917373657 0.1895034909248352 0.5278804302215576 0.6423320770263672 0.21477776765823364 0.4835883677005768 0.6258490681648254 0.14623203873634338 0.5290083885192871 0.531260073184967 0.18144573271274567 0.5597168207168579 0.4655511975288391 0.20114879310131073 0.5823239088058472 0.4165320098400116 0.21079738438129425 0.47910571098327637 0.6101575493812561 0.09060151875019073 0.5211717486381531 0.4903051555156708 0.13010717928409576 0.5486479997634888 0.39797085523605347 0.14666517078876495 0.5643498301506042 0.3309393525123596 0.15233144164085388 0.47021326422691345 0.6029751896858215 0.03605485334992409 0.5116354823112488 0.47730183601379395 0.060440339148044586 0.5327426195144653 0.39365386962890625 0.06888926774263382 0.5459765195846558 0.3274572193622589 0.06888192147016525 0.46586889028549194 0.6065314412117004 -0.01399907749146223 0.4869197607040405 0.5137355923652649 -0.00415223790332675 0.49372345209121704 0.4530821144580841 0.0016386237693950534 0.4959843158721924 0.40034422278404236 0.002849993761628866
0.36740273237228394 0.8390612006187439 -1.430673080005107e-10 0.4281359910964966 0.7931869626045227 0.11725536733865738 0.46886593103408813 0.6990258693695068 0.1746368110179901 0.48488301038742065 0.6312170624732971 0.2068915069103241 0.49529093503952026 0.5681290626525879 0.23250234127044678 0.49003657698631287 0.6060413122177124 0.14430619776248932 0.5465283393859863 0.506253719329834 0.18381518125534058 0.5785942077636719 0.42515701055526733 0.21031539142131805 0.6003711819648743 0.3650246560573578 0.2242148220539093 0.48994189500808716 0.5976717472076416 0.08330471813678741 0.5535299181938171 0.48447880148887634 0.1260736733675003 0.5884665250778198 0.3948245346546173 0.15239468216896057 0.6110509037971497 0.32568779587745667 0.16554489731788635 0.49312740564346313 0.6010662913322449 0.02627214789390564 0.5639400482177734 0.4899776875972748 0.05668482184410095 0.600440502166748 0.41873764991760254 0.07700605690479279 0.6259317398071289 0.35442712903022766 0.08522071689367294 0.5057314038276672 0.6158499717712402 -0.024869324639439583 0.565424382686615 0.5377963781356812 -0.010778030380606651 0.6010266542434692 0.4914545714855194 0.0016607892466709018 0.629822850227356 0.4457496106624603 0.00871702004224062
0.3395700454711914 0.8274292945861816 1.0051281584821936e-08 0.4229465126991272 0.7837709188461304 0.0912686139345169 0.47464582324028015 0.6961633563041687 0.1274557113647461 0.4990769326686859 0.6359344720840454 0.13863979279994965 0.5239929556846619 0.5757176280021667 0.1447058618068695 0.44477149844169617 0.5703514218330383 0.1254083663225174 0.5078651309013367 0.480105459690094 0.14310204982757568 0.546599805355072 0.4153355658054352 0.13696622848510742 0.5785015821456909 0.3662374019622803 0.12621678411960602 0.43577295541763306 0.5630814433097839 0.0688186064362526 0.5253314971923828 0.565890908241272 0.07804545760154724 0.5585737824440002 0.6031123399734497 0.06415380537509918 0.5726436972618103 0.629091203212738 0.05340602248907089 0.43707525730133057 0.567475438117981 0.016333293169736862 0.5221032500267029 0.5533034801483154 0.029019253328442574 0.5544149875640869 0.5783668160438538 0.02782963402569294 0.5699331760406494 0.5937629342079163 0.020915986970067024 0.44942182302474976 0.5799626708030701 -0.03309730812907219 0.500760555267334 0.5269935727119446 -0.025870194658637047 0.5284793376922607 0.499667227268219 -0.024416780099272728 0.5496730804443359 0.47500813007354736 -0.027935225516557693
0.3177708089351654 0.7880567908287048 7.340094754226811e-09 0.3929305970668793 0.7362843751907349 0.03161054104566574 0.43287181854248047 0.6350116729736328 0.05955251306295395 0.4426872134208679 0.5492498278617859 0.08218309283256531 0.44044438004493713 0.4785943925380707 0.1025395467877388 0.42310503125190735 0.5563304424285889 0.057326603680849075 0.4889921545982361 0.4643300771713257 0.07787273079156876 0.5302723050117493 0.40301480889320374 0.08897665143013 0.56191486120224 0.3542442321777344 0.09496105462312698 0.4149783253669739 0.5512720346450806 0.04848067834973335 0.4851761758327484 0.4577234983444214 0.07446480542421341 0.5284157395362854 0.3923734128475189 0.08195257186889648 0.5606021285057068 0.3415238857269287 0.08302657306194305 0.4102915823459625 0.5568501949310303 0.04065895453095436 0.47907334566116333 0.47119057178497314 0.06172617897391319 0.517638623714447 0.41668713092803955 0.0644519180059433 0.5443630814552307 0.3708935081958771 0.06219593435525894 0.40917855501174927 0.5690181851387024 0.03319024667143822 0.4582739472389221 0.5136260390281677 0.04546387866139412 0.48713618516921997 0.477468878030777 0.04738500714302063 0.5090033411979675 0.443586528301239 0.04700419679284096
0.3126433491706848 0.7869243621826172 1.7019619491520643e-08 0.3909567594528198 0.7418991327285767 0.08813522011041641 0.42865732312202454 0.6629902124404907 0.14289452135562897 0.4469764828681946 0.6038253903388977 0.17626632750034332 0.46948492527008057 0.5488442182540894 0.20508308708667755 0.4219413995742798 0.5686332583427429 0.1545417159795761 0.47086861729621887 0.4874078631401062 0.19666002690792084 0.5060522556304932 0.42716097831726074 0.22057397663593292 0.534509539604187 0.3828199505805969 0.23176778852939606 0.41169473528862 0.552459180355072 0.1070183664560318 0.4675472378730774 0.45187151432037354 0.144968181848526 0.510611891746521 0.377933144569397 0.1557714194059372 0.5467053651809692 0.3275652229785919 0.15894456207752228 0.39234888553619385 0.5417116284370422 0.058743834495544434 0.4201357066631317 0.42881548404693604 0.07322957366704941 0.4140242040157318 0.36557936668395996 0.07247353345155716 0.4066216051578522 0.32125696539878845 0.07105262577533722 0.3766450881958008 0.5370994210243225 0.014933549799025059 0.38649892807006836 0.44932985305786133 0.011916604824364185 0.38165703415870667 0.3974153995513916 0.007964064367115498 0.3733484745025635 0.35353249311447144 0.006177837960422039
0.32321614027023315 0.8146007061004639 1.3551505695374999e-08 0.40155142545700073 0.7614078521728516 0.08308032155036926 0.4346163868904114 0.6641518473625183 0.1305769979953766 0.44663354754447937 0.5982510447502136 0.1584598273038864 0.4580775201320648 0.5359415411949158 0.1815326064825058 0.41620373725891113 0.5809590220451355 0.12487676739692688 0.45912623405456543 0.4870007038116455 0.15195289254188538 0.48633503913879395 0.4206309914588928 0.16477064788341522 0.5074036717414856 0.3687710464000702 0.16947074234485626 0.4086882472038269 0.5696923136711121 0.07859117537736893 0.46464109420776367 0.46475082635879517 0.10481508821249008 0.5024470090866089 0.3880240321159363 0.10827784240245819 0.5299763679504395 0.33256053924560547 0.10587276518344879 0.3978345990180969 0.5667844414710999 0.03301132097840309 0.44229117035865784 0.45585572719573975 0.044517938047647476 0.45531904697418213 0.38764384388923645 0.041485752910375595 0.46081703901290894 0.3377962112426758 0.036181095987558365 0.390681654214859 0.5741329193115234 -0.008519895374774933 0.4172170162200928 0.49460166692733765 -0.009154456667602062 0.4227951765060425 0.4434735178947449 -0.012220625765621662 0.42186248302459717 0.4022824168205261 -0.015739932656288147
0.3530387878417969 0.870235800743103 1.1633198404581435e-08 0.42915862798690796 0.826536238193512 0.06488753855228424 0.4626130163669586 0.7269306182861328 0.1026366651058197 0.4748198390007019 0.6556532382965088 0.12375998497009277 0.48284173011779785 0.5929301381111145 0.14056673645973206 0.457307368516922 0.632302463054657 0.10195666551589966 0.4988445043563843 0.5237518548965454 0.11962518095970154 0.5267252922058105 0.4519805312156677 0.1258067488670349 0.5478250980377197 0.3923550248146057 0.1273164004087448 0.4435596764087677 0.6168847680091858 0.06430479139089584 0.466217041015625 0.48449066281318665 0.08202508091926575 0.4722110629081726 0.3925226330757141 0.08198252320289612 0.46984773874282837 0.3206470310688019 0.07879199832677841 0.42565566301345825 0.6104294657707214 0.026624048128724098 0.44816118478775024 0.4842809736728668 0.03353781998157501 0.4491312801837921 0.3998262286186218 0.029003141447901726 0.44300463795661926 0.3347901701927185 0.0237985048443079 0.4086877107620239 0.6159913539886475 -0.008647560141980648 0.42398351430892944 0.5267013907432556 -0.008663884364068508 0.42399850487709045 0.4650523066520691 -0.011382166296243668 0.41728952527046204 0.4150136113166809 -0.014843015000224113
0.35382580757141113 0.8935997486114502 8.045147659174745e-09 0.4265650808811188 0.8617026209831238 0.0972052663564682 0.4679679870605469 0.7786511182785034 0.1573013812303543 0.48471084237098694 0.7131750583648682 0.19756951928138733 0.5003149509429932 0.6627167463302612 0.23460818827152252 0.4718273878097534 0.6734134554862976 0.1472407728433609 0.5113468766212463 0.5749355554580688 0.1856105476617813 0.5439385175704956 0.5081760883331299 0.2085491120815277 0.5723459720611572 0.45839130878448486 0.22270461916923523 0.460652619600296 0.6510455012321472 0.10479047894477844 0.506961464881897 0.539511501789093 0.14223544299602509 0.5437137484550476 0.47202062606811523 0.16230814158916473 0.5748750567436218 0.4222567081451416 0.1753089874982834 0.4437182545661926 0.6316332817077637 0.06428658217191696 0.49264010787010193 0.525112509727478 0.08916505426168442 0.5246782898902893 0.461974561214447 0.10595288872718811 0.5488038659095764 0.4150519371032715 0.11704102158546448 0.4243936538696289 0.6187472939491272 0.02785349451005459 0.45633572340011597 0.5368393063545227 0.04216158017516136 0.4766382873058319 0.48462051153182983 0.05329110473394394 0.4902690052986145 0.4417930245399475 0.06187918782234192
0.3401123881340027 0.8513802289962769 9.647981080718182e-09 0.41951942443847656 0.8041993975639343 0.08633992075920105 0.4626203775405884 0.7127864360809326 0.13718463480472565 0.47927165031433105 0.6445337533950806 0.16728483140468597 0.5010976195335388 0.5826918482780457 0.193886861205101 0.46616578102111816 0.6343148946762085 0.15129777789115906 0.5108541250228882 0.552691638469696 0.19154565036296844 0.5460799932479858 0.49043112993240356 0.21429283916950226 0.5738505721092224 0.4447706937789917 0.22719919681549072 0.45271337032318115 0.6173593401908875 0.10913432389497757 0.5031971335411072 0.5270305871963501 0.15584683418273926 0.5385814905166626 0.4641759991645813 0.17945046722888947 0.5673547983169556 0.41694560647010803 0.19241899251937866 0.43661025166511536 0.602234959602356 0.06608190387487411 0.4838408827781677 0.5069570541381836 0.10230978578329086 0.5071309804916382 0.4511925280094147 0.12611493468284607 0.5243395566940308 0.406683087348938 0.1373494565486908 0.42049288749694824 0.592464804649353 0.02469528838992119 0.4462544322013855 0.5154599547386169 0.04742313176393509 0.45542988181114197 0.46646547317504883 0.06466645747423172 0.46075329184532166 0.42540842294692993 0.07552427798509598
0.3222663104534149 0.7886043190956116 8.959825770205043e-09 0.4010242521762848 0.734494149684906 0.07445569336414337 0.43987125158309937 0.6405660510063171 0.11468224227428436 0.46331650018692017 0.5768469572067261 0.13764707744121552 0.48702719807624817 0.5204373002052307 0.156729593873024 0.41943928599357605 0.5506172180175781 0.09822109341621399 0.46947476267814636 0.46477580070495605 0.1170094832777977 0.5038160085678101 0.4089888334274292 0.12596692144870758 0.533474326133728 0.36205270886421204 0.1287580281496048 0.4157250225543976 0.5465887188911438 0.05629526078701019 0.468144953250885 0.450867235660553 0.07355159521102905 0.5072369575500488 0.38692981004714966 0.07468017935752869 0.5390565991401672 0.3396432101726532 0.07154397666454315 0.4121875464916229 0.5550341606140137 0.016212092712521553 0.46083563566207886 0.4603755474090576 0.022918179631233215 0.49295860528945923 0.4078510105609894 0.01974199339747429 0.5194394588470459 0.3665601313114166 0.014966689050197601 0.4118984043598175 0.573691189289093 -0.019667988643050194 0.434550017118454 0.5127484202384949 -0.02016201801598072 0.4528706669807434 0.47133105993270874 -0.023109257221221924 0.4705789387226105 0.4354454278945923 -0.026526913046836853
0 0 0 0 0 0 0 0 0 0 0 0 0 0 0 0 0 0 0 0 0 0 0 0 0 0 0 0 0 0 0 0 0 0 0 0 0 0 0 0 0 0 0 0 0 0 0 0 0 0 0 0 0 0 0 0 0 0 0 0 0 0 0
0 0 0 0 0 0 0 0 0 0 0 0 0 0 0 0 0 0 0 0 0 0 0 0 0 0 0 0 0 0 0 0 0 0 0 0 0 0 0 0 0 0 0 0 0 0 0 0 0 0 0 0 0 0 0 0 0 0 0 0 0 0 0
0 0 0 0 0 0 0 0 0 0 0 0 0 0 0 0 0 0 0 0 0 0 0 0 0 0 0 0 0 0 0 0 0 0 0 0 0 0 0 0 0 0 0 0 0 0 0 0 0 0 0 0 0 0 0 0 0 0 0 0 0 0 0
0 0 0 0 0 0 0 0 0 0 0 0 0 0 0 0 0 0 0 0 0 0 0 0 0 0 0 0 0 0 0 0 0 0 0 0 0 0 0 0 0 0 0 0 0 0 0 0 0 0 0 0 0 0 0 0 0 0 0 0 0 0 0
0 0 0 0 0 0 0 0 0 0 0 0 0 0 0 0 0 0 0 0 0 0 0 0 0 0 0 0 0 0 0 0 0 0 0 0 0 0 0 0 0 0 0 0 0 0 0 0 0 0 0 0 0 0 0 0 0 0 0 0 0 0 0
0 0 0 0 0 0 0 0 0 0 0 0 0 0 0 0 0 0 0 0 0 0 0 0 0 0 0 0 0 0 0 0 0 0 0 0 0 0 0 0 0 0 0 0 0 0 0 0 0 0 0 0 0 0 0 0 0 0 0 0 0 0 0
0 0 0 0 0 0 0 0 0 0 0 0 0 0 0 0 0 0 0 0 0 0 0 0 0 0 0 0 0 0 0 0 0 0 0 0 0 0 0 0 0 0 0 0 0 0 0 0 0 0 0 0 0 0 0 0 0 0 0 0 0 0 0
0.30301475524902344 0.6773637533187866 1.1035733216147037e-08 0.34134137630462646 0.6287055015563965 0.09209701418876648 0.3772389590740204 0.5605077743530273 0.13882848620414734 0.39429861307144165 0.5158563256263733 0.1645769476890564 0.4014491140842438 0.47071245312690735 0.18585790693759918 0.3783837556838989 0.4610345959663391 0.13513919711112976 0.44499409198760986 0.39520859718322754 0.17449209094047546 0.4875097870826721 0.346265584230423 0.19772619009017944 0.5229545831680298 0.30650439858436584 0.21007923781871796 0.37863391637802124 0.4430828392505646 0.08897943794727325 0.45818960666656494 0.367924302816391 0.13590529561042786 0.5098351240158081 0.3207007646560669 0.16255997121334076 0.550971269607544 0.29050517082214355 0.17516227066516876 0.37500613927841187 0.4356118142604828 0.044763848185539246 0.4350036382675171 0.34537267684936523 0.08399637043476105 0.4627148509025574 0.2990008294582367 0.11040078848600388 0.48175764083862305 0.2591620087623596 0.12058670073747635 0.37231510877609253 0.43572819232940674 0.002630176953971386 0.3915556073188782 0.36006423830986023 0.02690918929874897 0.39054378867149353 0.3217575252056122 0.04528405889868736 0.38642418384552 0.2926352620124817 0.055317819118499756
0.3345282971858978 0.702899158000946 3.121891412050104e-09 0.40231236815452576 0.6488815546035767 0.08009916543960571 0.4317702353000641 0.5430986285209656 0.11871683597564697 0.43929317593574524 0.4704028367996216 0.13854628801345825 0.4366610646247864 0.4098227024078369 0.1535203605890274 0.39342179894447327 0.4615147113800049 0.10692660510540009 0.4503256380558014 0.38680386543273926 0.13527730107307434 0.4884945750236511 0.3274683356285095 0.14649397134780884 0.516974687576294 0.28155022859573364 0.14871105551719666 0.3836807906627655 0.4558635354042053 0.06156536936759949 0.4574822187423706 0.4187254309654236 0.09656789898872375 0.4940522611141205 0.3978407084941864 0.10725521296262741 0.5159823894500732 0.3791884183883667 0.10694080591201782 0.38123902678489685 0.45787352323532104 0.019114388152956963 0.45700401067733765 0.41219910979270935 0.048943620175123215 0.49372443556785583 0.39051222801208496 0.06145011633634567 0.5146604180335999 0.365634560585022 0.05971085652709007 0.3871326446533203 0.4626949429512024 -0.021117301657795906 0.42490068078041077 0.39299169182777405 -0.006402104627341032 0.4350703954696655 0.3481779098510742 0.0012651600409299135 0.43870440125465393 0.30843719840049744 0.0011759307235479355
0.3605918884277344 0.7693967819213867 9.26309962068217e-09 0.41360872983932495 0.7245012521743774 0.02667977288365364 0.44158414006233215 0.6394211053848267 0.04794502630829811 0.4527457654476166 0.5699928402900696 0.06094976142048836 0.4647494852542877 0.5074949264526367 0.07067541033029556 0.4074047803878784 0.5577538013458252 0.06409315019845963 0.4449208974838257 0.4663538634777069 0.08040408045053482 0.4692224860191345 0.4007633924484253 0.08740226179361343 0.4859815835952759 0.35021883249282837 0.09089590609073639 0.4027543067932129 0.5459060668945312 0.04935309290885925 0.4467361569404602 0.45281127095222473 0.0734776109457016 0.470889151096344 0.3840121030807495 0.0801096186041832 0.486606240272522 0.33107513189315796 0.08112667500972748 0.40836426615715027 0.540172278881073 0.032816946506500244 0.4478653371334076 0.4378582537174225 0.05209535360336304 0.46999916434288025 0.3784122169017792 0.058252736926078796 0.48483651876449585 0.3301680088043213 0.05782875418663025 0.42372530698776245 0.540128231048584 0.014933849684894085 0.45098116993904114 0.4591549038887024 0.02467673271894455 0.4681200385093689 0.40441590547561646 0.028359198942780495 0.4819778800010681 0.35847389698028564 0.029089733958244324
0.39463967084884644 0.8448975682258606 1.005556526934015e-08 0.45727527141571045 0.81163489818573 0.09367473423480988 0.48456913232803345 0.73100745677948 0.15194126963615417 0.49697697162628174 0.6749410629272461 0.18733617663383484 0.5141004920005798 0.6276214122772217 0.21798793971538544 0.4538406431674957 0.637619137763977 0.17228670418262482 0.48206090927124023 0.5508282780647278 0.22240358591079712 0.49995043873786926 0.4814722239971161 0.24991054832935333 0.5156026482582092 0.4351852238178253 0.26639804244041443 0.44977888464927673 0.6180919408798218 0.1296195536851883 0.4806050658226013 0.5218359231948853 0.19039645791053772 0.49836674332618713 0.4481716752052307 0.22114233672618866 0.5094309449195862 0.3970955014228821 0.23885756731033325 0.45345985889434814 0.6037609577178955 0.0856872946023941 0.48440513014793396 0.4981558620929718 0.13744297623634338 0.49491041898727417 0.4316105544567108 0.16784268617630005 0.49821990728378296 0.38344094157218933 0.1815870702266693 0.4716818928718567 0.5969745516777039 0.04264643415808678 0.4968967139720917 0.5111652612686157 0.07539355754852295 0.502146303653717 0.44835126399993896 0.09691037237644196 0.5005859136581421 0.39766937494277954 0.1102532371878624
0.38100001215934753 0.8216574192047119 -1.052118059341467e-09 0.4354930818080902 0.8006398677825928 0.12527461349964142 0.4711911380290985 0.7321575880050659 0.1969188004732132 0.4937373995780945 0.6910664439201355 0.24121825397014618 0.5208019614219666 0.655393123626709 0.28068381547927856 0.4561711847782135 0.6153538823127747 0.20097072422504425 0.5020847916603088 0.5401719212532043 0.25871407985687256 0.5417792201042175 0.47969144582748413 0.29371294379234314 0.5748000741004944 0.4402271509170532 0.3149925172328949 0.46437039971351624 0.5938851237297058 0.14364080131053925 0.5245969891548157 0.5040493607521057 0.211063414812088 0.5702121257781982 0.44119709730148315 0.25218692421913147 0.6067646741867065 0.39387959241867065 0.27727648615837097 0.4768957793712616 0.5800182223320007 0.08682148903608322 0.5374423265457153 0.4798482060432434 0.1434360146522522 0.5808019042015076 0.42285263538360596 0.18649499118328094 0.6157787442207336 0.37423810362815857 0.20936806499958038 0.5021036863327026 0.5722386240959167 0.033386584371328354 0.5462068319320679 0.487185537815094 0.06884898990392685 0.5733610391616821 0.4306672513484955 0.09776151925325394 0.5965326428413391 0.38030070066452026 0.11717160046100616
0.36002832651138306 0.7719177007675171 5.1151314295339034e-09 0.4305325448513031 0.7190494537353516 0.08249475061893463 0.47199124097824097 0.6307089924812317 0.12544682621955872 0.49177268147468567 0.5661293864250183 0.15082791447639465 0.5033726096153259 0.50460284948349 0.1715242564678192 0.44646385312080383 0.5443200469017029 0.10463185608386993 0.5123316049575806 0.4638751745223999 0.12927497923374176 0.56171715259552 0.4157320261001587 0.14319056272506714 0.601729691028595 0.38264912366867065 0.15044379234313965 0.4470784366130829 0.5364218950271606 0.062383975833654404 0.5167651772499084 0.44523102045059204 0.09003576636314392 0.5736171007156372 0.39404863119125366 0.10060979425907135 0.6196695566177368 0.36145269870758057 0.1038404107093811 0.4513390064239502 0.5363014936447144 0.02294478751718998 0.5157134532928467 0.4372144341468811 0.0445077009499073 0.5613846182823181 0.38777977228164673 0.054613929241895676 0.5968401432037354 0.35426369309425354 0.05640013515949249 0.4614155888557434 0.5437936186790466 -0.01262659952044487 0.4959665536880493 0.46319901943206787 -0.0010708414483815432 0.5173481702804565 0.4144248962402344 0.005491562653332949 0.5366206169128418 0.37857598066329956 0.0077270567417144775
0 0 0 0 0 0 0 0 0 0 0 0 0 0 0 0 0 0 0 0 0 0 0 0 0 0 0 0 0 0 0 0 0 0 0 0 0 0 0 0 0 0 0 0 0 0 0 0 0 0 0 0 0 0 0 0 0 0 0 0 0 0 0
0 0 0 0 0 0 0 0 0 0 0 0 0 0 0 0 0 0 0 0 0 0 0 0 0 0 0 0 0 0 0 0 0 0 0 0 0 0 0 0 0 0 0 0 0 0 0 0 0 0 0 0 0 0 0 0 0 0 0 0 0 0 0
0 0 0 0 0 0 0 0 0 0 0 0 0 0 0 0 0 0 0 0 0 0 0 0 0 0 0 0 0 0 0 0 0 0 0 0 0 0 0 0 0 0 0 0 0 0 0 0 0 0 0 0 0 0 0 0 0 0 0 0 0 0 0
0 0 0 0 0 0 0 0 0 0 0 0 0 0 0 0 0 0 0 0 0 0 0 0 0 0 0 0 0 0 0 0 0 0 0 0 0 0 0 0 0 0 0 0 0 0 0 0 0 0 0 0 0 0 0 0 0 0 0 0 0 0 0
0 0 0 0 0 0 0 0 0 0 0 0 0 0 0 0 0 0 0 0 0 0 0 0 0 0 0 0 0 0 0 0 0 0 0 0 0 0 0 0 0 0 0 0 0 0 0 0 0 0 0 0 0 0 0 0 0 0 0 0 0 0 0
0 0 0 0 0 0 0 0 0 0 0 0 0 0 0 0 0 0 0 0 0 0 0 0 0 0 0 0 0 0 0 0 0 0 0 0 0 0 0 0 0 0 0 0 0 0 0 0 0 0 0 0 0 0 0 0 0 0 0 0 0 0 0
0 0 0 0 0 0 0 0 0 0 0 0 0 0 0 0 0 0 0 0 0 0 0 0 0 0 0 0 0 0 0 0 0 0 0 0 0 0 0 0 0 0 0 0 0 0 0 0 0 0 0 0 0 0 0 0 0 0 0 0 0 0 0
0 0 0 0 0 0 0 0 0 0 0 0 0 0 0 0 0 0 0 0 0 0 0 0 0 0 0 0 0 0 0 0 0 0 0 0 0 0 0 0 0 0 0 0 0 0 0 0 0 0 0 0 0 0 0 0 0 0 0 0 0 0 0
0 0 0 0 0 0 0 0 0 0 0 0 0 0 0 0 0 0 0 0 0 0 0 0 0 0 0 0 0 0 0 0 0 0 0 0 0 0 0 0 0 0 0 0 0 0 0 0 0 0 0 0 0 0 0 0 0 0 0 0 0 0 0
0 0 0 0 0 0 0 0 0 0 0 0 0 0 0 0 0 0 0 0 0 0 0 0 0 0 0 0 0 0 0 0 0 0 0 0 0 0 0 0 0 0 0 0 0 0 0 0 0 0 0 0 0 0 0 0 0 0 0 0 0 0 0
0 0 0 0 0 0 0 0 0 0 0 0 0 0 0 0 0 0 0 0 0 0 0 0 0 0 0 0 0 0 0 0 0 0 0 0 0 0 0 0 0 0 0 0 0 0 0 0 0 0 0 0 0 0 0 0 0 0 0 0 0 0 0
0 0 0 0 0 0 0 0 0 0 0 0 0 0 0 0 0 0 0 0 0 0 0 0 0 0 0 0 0 0 0 0 0 0 0 0 0 0 0 0 0 0 0 0 0 0 0 0 0 0 0 0 0 0 0 0 0 0 0 0 0 0 0
0.41107451915740967 0.7276641726493835 8.219507741102916e-09 0.4357093572616577 0.6605290770530701 0.052731651812791824 0.4667917490005493 0.5543690323829651 0.0769009217619896 0.4739493429660797 0.482059508562088 0.0894344300031662 0.4674805700778961 0.40857774019241333 0.09781873971223831 0.46981674432754517 0.5241033434867859 0.06655513495206833 0.5280315279960632 0.4676271378993988 0.08419167995452881 0.5694607496261597 0.4133320450782776 0.09295497834682465 0.5982716083526611 0.36980965733528137 0.09592130780220032 0.4722793698310852 0.5265428423881531 0.03763790428638458 0.540289580821991 0.4699813723564148 0.0634104460477829 0.584117591381073 0.4138408899307251 0.07509630173444748 0.6152846813201904 0.36757418513298035 0.07715944945812225 0.4802949130535126 0.5365688800811768 0.010760818608105183 0.5502744317054749 0.47320014238357544 0.035778675228357315 0.5876098871231079 0.4262688159942627 0.05159785598516464 0.6127842664718628 0.38098084926605225 0.05445311218500137 0.494174063205719 0.5538148283958435 -0.015256155282258987 0.5431254506111145 0.494945228099823 0.0009745542192831635 0.5687046051025391 0.4578533470630646 0.012830572202801704 0.587774395942688 0.42112985253334045 0.01701662316918373
0 0 0 0 0 0 0 0 0 0 0 0 0 0 0 0 0 0 0 0 0 0 0 0 0 0 0 0 0 0 0 0 0 0 0 0 0 0 0 0 0 0 0 0 0 0 0 0 0 0 0 0 0 0 0 0 0 0 0 0 0 0 0
0 0 0 0 0 0 0 0 0 0 0 0 0 0 0 0 0 0 0 0 0 0 0 0 0 0 0 0 0 0 0 0 0 0 0 0 0 0 0 0 0 0 0 0 0 0 0 0 0 0 0 0 0 0 0 0 0 0 0 0 0 0 0
0.3227485418319702 0.7314528226852417 3.1374005615703027e-09 0.3986855447292328 0.6822355389595032 0.1188097670674324 0.43946877121925354 0.585200846195221 0.1809740960597992 0.45140957832336426 0.5157879590988159 0.2160521000623703 0.45238828659057617 0.45701733231544495 0.24557723104953766 0.4135216176509857 0.4640262722969055 0.18165865540504456 0.48088720440864563 0.3984772861003876 0.2343052327632904 0.5287977457046509 0.3689878284931183 0.26670241355895996 0.565527081489563 0.35139909386634827 0.28545865416526794 0.40915417671203613 0.4534573256969452 0.12303958088159561 0.48648130893707275 0.3889334499835968 0.1862315684556961 0.545008659362793 0.35766369104385376 0.2198336273431778 0.5933459997177124 0.3365946412086487 0.23653578758239746 0.40740907192230225 0.45198798179626465 0.06651262938976288 0.48577880859375 0.3712196946144104 0.11803778260946274 0.5375797152519226 0.33193665742874146 0.1523026078939438 0.5778406858444214 0.29696089029312134 0.16627345979213715 0.41219955682754517 0.4535595178604126 0.013105333782732487 0.45369502902030945 0.3795245587825775 0.04720882326364517 0.47461244463920593 0.3463329076766968 0.07394137978553772 0.4926401376724243 0.31910139322280884 0.0891883373260498
0.360130250453949 0.803586483001709 1.4265703285332165e-08 0.4323263466358185 0.7335109114646912 0.07552678883075714 0.4646383225917816 0.6292950510978699 0.12107756733894348 0.4726501703262329 0.5596168041229248 0.14618107676506042 0.4839095175266266 0.49195578694343567 0.1665283441543579 0.4303382933139801 0.5458441376686096 0.14509737491607666 0.4700345993041992 0.45876070857048035 0.1835726946592331 0.49330368638038635 0.394629567861557 0.20517398416996002 0.5082871317863464 0.34738701581954956 0.2173060029745102 0.4250507652759552 0.5366827845573425 0.10407765209674835 0.46827805042266846 0.4401792585849762 0.15278317034244537 0.490966796875 0.3710991144180298 0.17463287711143494 0.5055003762245178 0.32262641191482544 0.18464504182338715 0.42486950755119324 0.5326191186904907 0.060258153825998306 0.46947115659713745 0.4256279766559601 0.09649494290351868 0.48155495524406433 0.3689073324203491 0.11389656364917755 0.4867710471153259 0.3213541507720947 0.11891242861747742 0.4352981746196747 0.5359686613082886 0.01703207567334175 0.4670197665691376 0.45028048753738403 0.03738986328244209 0.47659462690353394 0.40172141790390015 0.04971035569906235 0.48089468479156494 0.35936039686203003 0.05572310462594032
0.39341476559638977 0.8475910425186157 8.18057532825378e-09 0.4684557318687439 0.8256564140319824 0.1073673740029335 0.5077585577964783 0.7447803020477295 0.17387208342552185 0.5284650325775146 0.6893817186355591 0.21464712917804718 0.5493359565734863 0.6488329768180847 0.2514747977256775 0.4944568872451782 0.612998366355896 0.19658491015434265 0.5317831635475159 0.5269736051559448 0.24992971122264862 0.559578001499176 0.46343469619750977 0.2790907323360443 0.5790601968765259 0.42242810130119324 0.2961265444755554 0.48019102215766907 0.5860280394554138 0.14485310018062592 0.5204015970230103 0.48613324761390686 0.2050321251153946 0.5472403764724731 0.4178217947483063 0.23325371742248535 0.5661923289299011 0.3698984384536743 0.24965037405490875 0.4652995765209198 0.5657316446304321 0.09135641902685165 0.4996578097343445 0.45669835805892944 0.13590466976165771 0.5147602558135986 0.39008629322052 0.1608758419752121 0.5223144888877869 0.3416476845741272 0.17346185445785522 0.456910640001297 0.5541965365409851 0.04037012159824371 0.47721177339553833 0.4634208679199219 0.06588094681501389 0.48383665084838867 0.4035530686378479 0.08357207477092743 0.4844006896018982 0.35481756925582886 0.09540563821792603
0.3883318603038788 0.8271071314811707 4.4279717670292484e-09 0.45052823424339294 0.7773972749710083 0.11317059397697449 0.48967665433883667 0.6771093010902405 0.17565850913524628 0.5071775913238525 0.6076474785804749 0.21400484442710876 0.517302393913269 0.5421850085258484 0.2469087392091751 0.48124682903289795 0.5771356821060181 0.16882264614105225 0.5368592739105225 0.4916939437389374 0.2166869193315506 0.5808330774307251 0.4203346073627472 0.24594616889953613 0.6133017539978027 0.37188681960105896 0.26305606961250305 0.47916343808174133 0.5662474632263184 0.11623284965753555 0.5439547896385193 0.4716642498970032 0.16986729204654694 0.5878776907920837 0.4008687138557434 0.20198822021484375 0.6227858066558838 0.3469023108482361 0.22104386985301971 0.48136433959007263 0.561080813407898 0.06566464900970459 0.5493914484977722 0.463398277759552 0.10939668118953705 0.5886383652687073 0.40302494168281555 0.14278040826320648 0.6161573529243469 0.35000085830688477 0.1601628214120865 0.4911866784095764 0.5600254535675049 0.018767742440104485 0.5435044169425964 0.4783828854560852 0.04550350829958916 0.5713894963264465 0.4273359179496765 0.06779465824365616 0.5909940600395203 0.37827998399734497 0.08258581906557083
0.353412926197052 0.7810871601104736 5.1385269372872244e-09 0.4192368984222412 0.7140578627586365 0.07446616142988205 0.45866164565086365 0.6074928045272827 0.11563699692487717 0.4708017408847809 0.5322883129119873 0.1401701271533966 0.472911536693573 0.464985728263855 0.16163115203380585 0.43016284704208374 0.5232441425323486 0.11998501420021057 0.4949416220188141 0.4539406895637512 0.15813151001930237 0.5458933711051941 0.4053059220314026 0.1821526288986206 0.5853093266487122 0.374095618724823 0.19704170525074005 0.43340370059013367 0.5203477144241333 0.08656415343284607 0.5108363628387451 0.45166444778442383 0.13935792446136475 0.5653736591339111 0.41171756386756897 0.17148582637310028 0.612607479095459 0.38039734959602356 0.18849995732307434 0.4443935453891754 0.5253230929374695 0.053700823336839676 0.5247007012367249 0.45226407051086426 0.10459458082914352 0.5688571929931641 0.41525372862815857 0.1418766975402832 0.6049782633781433 0.3808067739009857 0.15785560011863708 0.46570518612861633 0.5405550003051758 0.02095969207584858 0.5266980528831482 0.47596246004104614 0.05812355503439903 0.5577558279037476 0.44360119104385376 0.08632753044366837 0.584601640701294 0.4164307713508606 0.10287827998399734
0.3153761625289917 0.7328258752822876 5.943749492587358e-09 0.4004649817943573 0.7045473456382751 0.03604478761553764 0.4495234489440918 0.6403945684432983 0.059885844588279724 0.4738408327102661 0.5941434502601624 0.0730154886841774 0.48370131850242615 0.5608146786689758 0.08243107050657272 0.4242488145828247 0.5211749076843262 0.06584683060646057 0.4825116991996765 0.4367218315601349 0.07060959190130234 0.5300822257995605 0.3866462707519531 0.06330454349517822 0.5723797678947449 0.34711122512817383 0.056312382221221924 0.40926408767700195 0.5046695470809937 0.04264305904507637 0.4737851619720459 0.4140833020210266 0.046606868505477905 0.525514543056488 0.3658010959625244 0.028766702860593796 0.5670992136001587 0.33393919467926025 0.01328758429735899 0.3938705623149872 0.4972352981567383 0.019117917865514755 0.4536058008670807 0.405538409948349 0.018972881138324738 0.5024825930595398 0.3680083751678467 0.0010492331348359585 0.5403649210929871 0.34676849842071533 -0.013364988379180431 0.37873631715774536 0.49700820446014404 -0.0036843502894043922 0.4124559164047241 0.42091554403305054 -0.00889311358332634 0.44619110226631165 0.3835671842098236 -0.02099647745490074 0.47500306367874146 0.35946178436279297 -0.03137040138244629
0.3158501386642456 0.7177219390869141 7.662653622730886e-09 0.3697020411491394 0.6860545873641968 0.04109013453125954 0.4126901626586914 0.6077464818954468 0.05660122260451317 0.4317024350166321 0.5494930744171143 0.05949687585234642 0.44189924001693726 0.5028945803642273 0.05682362616062164 0.4072319567203522 0.4992746114730835 0.03636453300714493 0.45889151096343994 0.4170631766319275 0.028747467324137688 0.4961867332458496 0.35715773701667786 0.017490850761532784 0.5280025005340576 0.30643171072006226 0.005363656207919121 0.39511749148368835 0.48271700739860535 -0.001331007806584239 0.4539673924446106 0.394150972366333 -0.012791384942829609 0.5000596642494202 0.3352576494216919 -0.0329551175236702 0.5394424200057983 0.285282164812088 -0.0522545650601387 0.37495872378349304 0.47874873876571655 -0.03767095133662224 0.42415282130241394 0.38227754831314087 -0.0550035685300827 0.4638364613056183 0.32112687826156616 -0.07810915261507034 0.49629586935043335 0.27079442143440247 -0.09741881489753723 0.342119961977005 0.4848910868167877 -0.07170744240283966 0.3465997576713562 0.40105128288269043 -0.09220689535140991 0.3448616564273834 0.34176331758499146 -0.10995591431856155 0.34172990918159485 0.29319682717323303 -0.12535102665424347
0.31712961196899414 0.7514761686325073 6.953264630737976e-09 0.3794229328632355 0.7037484049797058 0.04842311888933182 0.41126522421836853 0.6016902923583984 0.07116161286830902 0.41549575328826904 0.5252886414527893 0.08015552908182144 0.4224713146686554 0.4605948030948639 0.08421853184700012 0.3852679431438446 0.5087341666221619 0.06210124492645264 0.4350438714027405 0.41758570075035095 0.06512443721294403 0.4742480218410492 0.3498225212097168 0.061425141990184784 0.5091027021408081 0.29257458448410034 0.05548258125782013 0.3718740940093994 0.49855536222457886 0.026070265099406242 0.4301777780056 0.40076127648353577 0.031584374606609344 0.472935289144516 0.328122615814209 0.02348722517490387 0.5102009773254395 0.26390236616134644 0.012295233085751534 0.3586745858192444 0.4952743649482727 -0.009361999109387398 0.41616204380989075 0.3971230089664459 -0.008156513795256615 0.45699551701545715 0.33285462856292725 -0.01587282121181488 0.48997554183006287 0.279554158449173 -0.026288136839866638 0.3457253575325012 0.49926823377609253 -0.043531518429517746 0.3822162449359894 0.42604929208755493 -0.04849787428975105 0.40737664699554443 0.37323570251464844 -0.054824311286211014 0.4281098246574402 0.32537317276000977 -0.06287048757076263
0.33660101890563965 0.8208708763122559 7.921374667319014e-09 0.3971465826034546 0.7578798532485962 0.05619978904724121 0.423953115940094 0.655462384223938 0.08757568895816803 0.42621129751205444 0.5850533246994019 0.10458455234766006 0.4297545254230499 0.5234076380729675 0.11701010167598724 0.38742876052856445 0.5720565915107727 0.0882139727473259 0.42695167660713196 0.48100054264068604 0.10784824192523956 0.4582369327545166 0.4128243327140808 0.11753462255001068 0.4841885268688202 0.3588826656341553 0.12266272306442261 0.3801429867744446 0.5604720711708069 0.0574054941534996 0.4186290204524994 0.45633453130722046 0.08652807027101517 0.44636285305023193 0.38298481702804565 0.10001145303249359 0.47016578912734985 0.32386642694473267 0.10471822321414948 0.3811713457107544 0.5572631359100342 0.02626718580722809 0.41804251074790955 0.4502407908439636 0.051453981548547745 0.4437316060066223 0.38370364904403687 0.06586206704378128 0.4654286503791809 0.32834112644195557 0.06920407712459564 0.3919130861759186 0.563819944858551 -0.004721894860267639 0.4163546562194824 0.4815394878387451 0.011106601916253567 0.4332711398601532 0.42795246839523315 0.02154342643916607 0.44979554414749146 0.3821675181388855 0.0257168710231781
0.3635541796684265 0.860123872756958 6.08215033892634e-09 0.4310418367385864 0.8218414187431335 0.07457853108644485 0.4707634449005127 0.7251054048538208 0.12202264368534088 0.47972458600997925 0.6392507553100586 0.15488238632678986 0.47742319107055664 0.5721883773803711 0.18448033928871155 0.4714657664299011 0.6435333490371704 0.1078452467918396 0.5020968914031982 0.5395357608795166 0.13664458692073822 0.5300734639167786 0.4643033742904663 0.1549212485551834 0.5510388612747192 0.4083673357963562 0.16626349091529846 0.4531562924385071 0.6157047152519226 0.07570668309926987 0.4934964179992676 0.5002238750457764 0.10690613090991974 0.5255441069602966 0.42496246099472046 0.12481224536895752 0.5502260327339172 0.3682926297187805 0.13573163747787476 0.42636916041374207 0.593788743019104 0.04560943692922592 0.4640941917896271 0.4760327935218811 0.06817147880792618 0.4807491600513458 0.40279915928840637 0.08477532118558884 0.48756396770477295 0.3534775674343109 0.0943462923169136 0.39466023445129395 0.5812621712684631 0.018208080902695656 0.419034868478775 0.4880601465702057 0.03147944062948227 0.424312949180603 0.42875078320503235 0.043025385588407516 0.4210301637649536 0.38573741912841797 0.051200173795223236
0.34709063172340393 0.8396463990211487 6.7286509697339625e-09 0.3980064392089844 0.7645853161811829 0.04557850584387779 0.4307470917701721 0.6439959406852722 0.0729975476861 0.43308207392692566 0.552100419998169 0.09055037051439285 0.4189734160900116 0.46704956889152527 0.10585089772939682 0.4465150237083435 0.594034731388092 0.07728339731693268 0.49313005805015564 0.49846622347831726 0.09820204973220825 0.5302645564079285 0.4296431243419647 0.11092238873243332 0.5579283237457275 0.3771664798259735 0.1186925545334816 0.4364950954914093 0.5914162397384644 0.05739908292889595 0.4901564121246338 0.49306929111480713 0.08579196780920029 0.528514564037323 0.42263418436050415 0.10170792788267136 0.558959424495697 0.36680400371551514 0.10988081991672516 0.42471566796302795 0.5925246477127075 0.037757743149995804 0.47786253690719604 0.490245521068573 0.06268724799156189 0.5102370381355286 0.4262068271636963 0.08271053433418274 0.5311155319213867 0.37899744510650635 0.09235547482967377 0.411475270986557 0.5955585837364197 0.017746690660715103 0.4453532099723816 0.510805606842041 0.036559320986270905 0.46293410658836365 0.4513375759124756 0.051171235740184784 0.4740382432937622 0.4011526107788086 0.059686895459890366
0.323512464761734 0.7901714444160461 8.011408425545596e-09 0.3351038098335266 0.674550473690033 0.008572623133659363 0.3696322441101074 0.5475196242332458 0.028090741485357285 0.385991632938385 0.4574676752090454 0.043486420065164566 0.3852021098136902 0.39124733209609985 0.058814194053411484 0.423743337392807 0.5324103832244873 0.06739360839128494 0.48136478662490845 0.44713306427001953 0.09570951014757156 0.5190030932426453 0.39909306168556213 0.10618779808282852 0.5452211499214172 0.364522784948349 0.10924049466848373 0.43317824602127075 0.5560554265975952 0.06774083524942398 0.49174004793167114 0.5060577392578125 0.11104651540517807 0.5260796546936035 0.4673321843147278 0.10965971648693085 0.5507029891014099 0.43657544255256653 0.09922650456428528 0.4365411102771759 0.5887686014175415 0.06559237092733383 0.48321104049682617 0.5931066870689392 0.10224110633134842 0.4732556939125061 0.6403102874755859 0.0931779146194458 0.4608422517776489 0.6736128330230713 0.08165017515420914 0.43886667490005493 0.6223230361938477 0.06039274483919144 0.4727359414100647 0.6178803443908691 0.08516888320446014 0.46310749650001526 0.6463656425476074 0.08224944025278091 0.45459479093551636 0.6716021299362183 0.07808562368154526
0 0 0 0 0 0 0 0 0 0 0 0 0 0 0 0 0 0 0 0 0 0 0 0 0 0 0 0 0 0 0 0 0 0 0 0 0 0 0 0 0 0 0 0 0 0 0 0 0 0 0 0 0 0 0 0 0 0 0 0 0 0 0
0 0 0 0 0 0 0 0 0 0 0 0 0 0 0 0 0 0 0 0 0 0 0 0 0 0 0 0 0 0 0 0 0 0 0 0 0 0 0 0 0 0 0 0 0 0 0 0 0 0 0 0 0 0 0 0 0 0 0 0 0 0 0
0.29575514793395996 0.7467495799064636 1.4427877781386655e-09 0.36588484048843384 0.70586097240448 0.06846069544553757 0.3984295427799225 0.6414024829864502 0.0935533419251442 0.4072142243385315 0.6022882461547852 0.09964907914400101 0.4101935923099518 0.5613393187522888 0.10139811038970947 0.364900678396225 0.4682425558567047 0.08704493939876556 0.4161263406276703 0.3839084208011627 0.09598975628614426 0.4478328824043274 0.3339618146419525 0.09652930498123169 0.4749206304550171 0.2888652980327606 0.09414925426244736 0.35834047198295593 0.45930957794189453 0.04186542332172394 0.433780699968338 0.3654835522174835 0.051553644239902496 0.4782872200012207 0.3132457435131073 0.05154124274849892 0.5142689943313599 0.26571962237358093 0.04841659218072891 0.3570568859577179 0.4727432429790497 -0.001938896020874381 0.431441068649292 0.37776869535446167 0.002574281534180045 0.4753698408603668 0.33480462431907654 0.006841058377176523 0.5062814950942993 0.29172223806381226 0.007434493396431208 0.36103907227516174 0.5035997033119202 -0.043632715940475464 0.4145391285419464 0.4383697807788849 -0.04379997402429581 0.4481194019317627 0.4088806211948395 -0.03922775015234947 0.47432559728622437 0.38435614109039307 -0.036750636994838715
0.33040866255760193 0.8297372460365295 4.908358608446406e-09 0.3966516852378845 0.7631350159645081 0.05419960245490074 0.4311930537223816 0.6623892188072205 0.08255062997341156 0.4377600848674774 0.5894060134887695 0.09601669013500214 0.44864773750305176 0.5281193256378174 0.10556337237358093 0.39553961157798767 0.5528252124786377 0.08540832996368408 0.43367999792099 0.4649028182029724 0.09957962483167648 0.47030964493751526 0.4120759069919586 0.1049126535654068 0.5025229454040527 0.37376484274864197 0.10715869814157486 0.39069756865501404 0.5468409657478333 0.051690224558115005 0.4474898874759674 0.45934033393859863 0.07258158922195435 0.4971875548362732 0.4121577739715576 0.07809444516897202 0.5414336919784546 0.37868690490722656 0.07781128585338593 0.3926681578159332 0.5534919500350952 0.01744704321026802 0.4530702531337738 0.4646846652030945 0.03414864465594292 0.49398308992385864 0.42212188243865967 0.04183892533183098 0.5281461477279663 0.3904535472393036 0.04161124303936958 0.40421220660209656 0.5730323791503906 -0.01669837348163128 0.44924497604370117 0.5049996376037598 -0.005630347412079573 0.4711618423461914 0.47052010893821716 0.0018412641948089004 0.49061524868011475 0.44879812002182007 0.0039776647463440895
0.35695967078208923 0.8841155767440796 1.0920897963728748e-08 0.4277159571647644 0.8447180986404419 0.0930146649479866 0.4671929180622101 0.76017165184021 0.14872124791145325 0.48348844051361084 0.6934841871261597 0.1844252049922943 0.49264267086982727 0.6384533047676086 0.21694421768188477 0.4687894284725189 0.6594188809394836 0.14317600429058075 0.5031701326370239 0.5631621479988098 0.18153129518032074 0.5276123285293579 0.4925919473171234 0.20540198683738708 0.5446496605873108 0.44137027859687805 0.2201707512140274 0.4555453360080719 0.6348443627357483 0.10108675807714462 0.49497777223587036 0.5254259705543518 0.14071537554264069 0.5183616876602173 0.45549362897872925 0.16459280252456665 0.5328854322433472 0.40922853350639343 0.18028615415096283 0.4352426826953888 0.6212992072105408 0.06039605662226677 0.46964630484580994 0.5117872357368469 0.08805232495069504 0.47326138615608215 0.4520348310470581 0.10965041071176529 0.46744421124458313 0.4125068187713623 0.12372758239507675 0.41519516706466675 0.6195608973503113 0.02297006919980049 0.4384413957595825 0.5402256846427917 0.03932097554206848 0.44167038798332214 0.49073129892349243 0.053763248026371 0.43540215492248535 0.45395660400390625 0.06517946720123291
0.34862861037254333 0.8595143556594849 8.547869079222892e-09 0.42452192306518555 0.8166929483413696 0.07579997181892395 0.4646647870540619 0.7174633145332336 0.12068355828523636 0.4745018184185028 0.6399241089820862 0.14905263483524323 0.47872740030288696 0.5649910569190979 0.1738186478614807 0.46648454666137695 0.6405169367790222 0.12085016071796417 0.5118571519851685 0.5545598268508911 0.15601395070552826 0.545953094959259 0.48577794432640076 0.17751963436603546 0.5701515674591064 0.43400150537490845 0.19008906185626984 0.4515838623046875 0.6218085885047913 0.08670654892921448 0.5099203586578369 0.5294589996337891 0.12777797877788544 0.5470952987670898 0.46134859323501587 0.15215834975242615 0.5745984315872192 0.40880924463272095 0.16586528718471527 0.43493854999542236 0.6077945828437805 0.05331318825483322 0.49132174253463745 0.5107492208480835 0.08701769262552261 0.5208675265312195 0.45167282223701477 0.11282279342412949 0.5393288731575012 0.406070351600647 0.12561821937561035 0.4175359904766083 0.6009683609008789 0.021390890702605247 0.4508529603481293 0.5234958529472351 0.04327140003442764 0.4613564908504486 0.4708382785320282 0.06123422831296921 0.46435192227363586 0.42644423246383667 0.07280370593070984
0.33789026737213135 0.8025580048561096 2.1027481977853313e-09 0.38429877161979675 0.7288386225700378 0.05360683426260948 0.42105793952941895 0.6174672842025757 0.0845990777015686 0.4261730909347534 0.5343814492225647 0.10428157448768616 0.4227236211299896 0.46994078159332275 0.12256910651922226 0.4412752389907837 0.5659420490264893 0.08062155544757843 0.5030320286750793 0.48482656478881836 0.10790778696537018 0.5467458367347717 0.43479853868484497 0.12558506429195404 0.5818385481834412 0.397477388381958 0.13512922823429108 0.441585510969162 0.5690727233886719 0.05647435039281845 0.5052008032798767 0.48783326148986816 0.0956292450428009 0.5517444610595703 0.4337577819824219 0.1146201342344284 0.5924049019813538 0.390637069940567 0.1207629069685936 0.4406226873397827 0.576585054397583 0.03351109102368355 0.5078586935997009 0.5107709765434265 0.07082679122686386 0.548799991607666 0.4733361005783081 0.08873306959867477 0.5819377303123474 0.44085365533828735 0.09240042418241501 0.4383474886417389 0.5868687629699707 0.010655376128852367 0.4774448573589325 0.537734866142273 0.038569964468479156 0.4973384439945221 0.5089567303657532 0.0522020198404789 0.5163193941116333 0.4817361831665039 0.05737500265240669
0 0 0 0 0 0 0 0 0 0 0 0 0 0 0 0 0 0 0 0 0 0 0 0 0 0 0 0 0 0 0 0 0 0 0 0 0 0 0 0 0 0 0 0 0 0 0 0 0 0 0 0 0 0 0 0 0 0 0 0 0 0 0
0 0 0 0 0 0 0 0 0 0 0 0 0 0 0 0 0 0 0 0 0 0 0 0 0 0 0 0 0 0 0 0 0 0 0 0 0 0 0 0 0 0 0 0 0 0 0 0 0 0 0 0 0 0 0 0 0 0 0 0 0 0 0
0 0 0 0 0 0 0 0 0 0 0 0 0 0 0 0 0 0 0 0 0 0 0 0 0 0 0 0 0 0 0 0 0 0 0 0 0 0 0 0 0 0 0 0 0 0 0 0 0 0 0 0 0 0 0 0 0 0 0 0 0 0 0
0 0 0 0 0 0 0 0 0 0 0 0 0 0 0 0 0 0 0 0 0 0 0 0 0 0 0 0 0 0 0 0 0 0 0 0 0 0 0 0 0 0 0 0 0 0 0 0 0 0 0 0 0 0 0 0 0 0 0 0 0 0 0
0 0 0 0 0 0 0 0 0 0 0 0 0 0 0 0 0 0 0 0 0 0 0 0 0 0 0 0 0 0 0 0 0 0 0 0 0 0 0 0 0 0 0 0 0 0 0 0 0 0 0 0 0 0 0 0 0 0 0 0 0 0 0
0 0 0 0 0 0 0 0 0 0 0 0 0 0 0 0 0 0 0 0 0 0 0 0 0 0 0 0 0 0 0 0 0 0 0 0 0 0 0 0 0 0 0 0 0 0 0 0 0 0 0 0 0 0 0 0 0 0 0 0 0 0 0
0 0 0 0 0 0 0 0 0 0 0 0 0 0 0 0 0 0 0 0 0 0 0 0 0 0 0 0 0 0 0 0 0 0 0 0 0 0 0 0 0 0 0 0 0 0 0 0 0 0 0 0 0 0 0 0 0 0 0 0 0 0 0
0 0 0 0 0 0 0 0 0 0 0 0 0 0 0 0 0 0 0 0 0 0 0 0 0 0 0 0 0 0 0 0 0 0 0 0 0 0 0 0 0 0 0 0 0 0 0 0 0 0 0 0 0 0 0 0 0 0 0 0 0 0 0
0 0 0 0 0 0 0 0 0 0 0 0 0 0 0 0 0 0 0 0 0 0 0 0 0 0 0 0 0 0 0 0 0 0 0 0 0 0 0 0 0 0 0 0 0 0 0 0 0 0 0 0 0 0 0 0 0 0 0 0 0 0 0
0 0 0 0 0 0 0 0 0 0 0 0 0 0 0 0 0 0 0 0 0 0 0 0 0 0 0 0 0 0 0 0 0 0 0 0 0 0 0 0 0 0 0 0 0 0 0 0 0 0 0 0 0 0 0 0 0 0 0 0 0 0 0
0 0 0 0 0 0 0 0 0 0 0 0 0 0 0 0 0 0 0 0 0 0 0 0 0 0 0 0 0 0 0 0 0 0 0 0 0 0 0 0 0 0 0 0 0 0 0 0 0 0 0 0 0 0 0 0 0 0 0 0 0 0 0
0 0 0 0 0 0 0 0 0 0 0 0 0 0 0 0 0 0 0 0 0 0 0 0 0 0 0 0 0 0 0 0 0 0 0 0 0 0 0 0 0 0 0 0 0 0 0 0 0 0 0 0 0 0 0 0 0 0 0 0 0 0 0
0 0 0 0 0 0 0 0 0 0 0 0 0 0 0 0 0 0 0 0 0 0 0 0 0 0 0 0 0 0 0 0 0 0 0 0 0 0 0 0 0 0 0 0 0 0 0 0 0 0 0 0 0 0 0 0 0 0 0 0 0 0 0
0 0 0 0 0 0 0 0 0 0 0 0 0 0 0 0 0 0 0 0 0 0 0 0 0 0 0 0 0 0 0 0 0 0 0 0 0 0 0 0 0 0 0 0 0 0 0 0 0 0 0 0 0 0 0 0 0 0 0 0 0 0 0
0 0 0 0 0 0 0 0 0 0 0 0 0 0 0 0 0 0 0 0 0 0 0 0 0 0 0 0 0 0 0 0 0 0 0 0 0 0 0 0 0 0 0 0 0 0 0 0 0 0 0 0 0 0 0 0 0 0 0 0 0 0 0
0 0 0 0 0 0 0 0 0 0 0 0 0 0 0 0 0 0 0 0 0 0 0 0 0 0 0 0 0 0 0 0 0 0 0 0 0 0 0 0 0 0 0 0 0 0 0 0 0 0 0 0 0 0 0 0 0 0 0 0 0 0 0
0 0 0 0 0 0 0 0 0 0 0 0 0 0 0 0 0 0 0 0 0 0 0 0 0 0 0 0 0 0 0 0 0 0 0 0 0 0 0 0 0 0 0 0 0 0 0 0 0 0 0 0 0 0 0 0 0 0 0 0 0 0 0
0 0 0 0 0 0 0 0 0 0 0 0 0 0 0 0 0 0 0 0 0 0 0 0 0 0 0 0 0 0 0 0 0 0 0 0 0 0 0 0 0 0 0 0 0 0 0 0 0 0 0 0 0 0 0 0 0 0 0 0 0 0 0
0 0 0 0 0 0 0 0 0 0 0 0 0 0 0 0 0 0 0 0 0 0 0 0 0 0 0 0 0 0 0 0 0 0 0 0 0 0 0 0 0 0 0 0 0 0 0 0 0 0 0 0 0 0 0 0 0 0 0 0 0 0 0
0 0 0 0 0 0 0 0 0 0 0 0 0 0 0 0 0 0 0 0 0 0 0 0 0 0 0 0 0 0 0 0 0 0 0 0 0 0 0 0 0 0 0 0 0 0 0 0 0 0 0 0 0 0 0 0 0 0 0 0 0 0 0
0.4206268787384033 0.7392101287841797 3.804830228659739e-09 0.4326983690261841 0.6619561910629272 0.0011039688251912594 0.46597766876220703 0.553260862827301 0.004797976464033127 0.475516140460968 0.4678652584552765 0.006663649808615446 0.4699746072292328 0.4105953574180603 0.006940682418644428 0.49706223607063293 0.5155555009841919 0.004019423853605986 0.5686928629875183 0.4481927454471588 0.004028580151498318 0.6170028448104858 0.41291314363479614 0.005807189270853996 0.6573083996772766 0.3886605203151703 0.005912766791880131 0.5071025490760803 0.5312719345092773 -0.0021688290871679783 0.5776124596595764 0.4661071300506592 0.006120380945503712 0.6270866990089417 0.42956504225730896 0.008431721478700638 0.6711486577987671 0.40096917748451233 0.005156167782843113 0.5177971720695496 0.5605531930923462 -0.008925339207053185 0.5870198011398315 0.5054546594619751 -0.002258894732221961 0.6320134401321411 0.47868332266807556 -0.0015607487875968218 0.6687644720077515 0.4584314823150635 -0.005053011700510979 0.5282440185546875 0.5992408394813538 -0.018134457990527153 0.5832041501998901 0.5642197728157043 -0.014027729630470276 0.6169992685317993 0.553245484828949 -0.012960163876414299 0.6449111700057983 0.5491490960121155 -0.014248908497393131
0.45269304513931274 0.7593332529067993 5.110933454233191e-09 0.4786449372768402 0.6651334166526794 0.03710109740495682 0.49362310767173767 0.5739052891731262 0.040490008890628815 0.5001184940338135 0.5050103664398193 0.03231103718280792 0.5058175921440125 0.43790870904922485 0.019875911995768547 0.5095494389533997 0.535596489906311 0.006950804032385349 0.5514272451400757 0.4727935194969177 -0.01608407497406006 0.5836814045906067 0.4398312568664551 -0.03214699402451515 0.61014723777771 0.4163922071456909 -0.04661308228969574 0.5097799897193909 0.5427539944648743 -0.03429507836699486 0.5679636597633362 0.4644947648048401 -0.06558088958263397 0.6183231472969055 0.4156753718852997 -0.09168285131454468 0.6657560467720032 0.37361055612564087 -0.11435596644878387 0.49642273783683777 0.5648459792137146 -0.07309795916080475 0.5446189641952515 0.4872741997241974 -0.10570874065160751 0.5757659673690796 0.44043290615081787 -0.1274014562368393 0.6029273867607117 0.40174001455307007 -0.1445799469947815 0.4718223810195923 0.5923061966896057 -0.10912501811981201 0.48680511116981506 0.5444214940071106 -0.13808459043502808 0.48943522572517395 0.505347490310669 -0.15501919388771057 0.4913572669029236 0.4705226421356201 -0.16989977657794952
0 0 0 0 0 0 0 0 0 0 0 0 0 0 0 0 0 0 0 0 0 0 0 0 0 0 0 0 0 0 0 0 0 0 0 0 0 0 0 0 0 0 0 0 0 0 0 0 0 0 0 0 0 0 0 0 0 0 0 0 0 0 0
0 0 0 0 0 0 0 0 0 0 0 0 0 0 0 0 0 0 0 0 0 0 0 0 0 0 0 0 0 0 0 0 0 0 0 0 0 0 0 0 0 0 0 0 0 0 0 0 0 0 0 0 0 0 0 0 0 0 0 0 0 0 0
0 0 0 0 0 0 0 0 0 0 0 0 0 0 0 0 0 0 0 0 0 0 0 0 0 0 0 0 0 0 0 0 0 0 0 0 0 0 0 0 0 0 0 0 0 0 0 0 0 0 0 0 0 0 0 0 0 0 0 0 0 0 0
0 0 0 0 0 0 0 0 0 0 0 0 0 0 0 0 0 0 0 0 0 0 0 0 0 0 0 0 0 0 0 0 0 0 0 0 0 0 0 0 0 0 0 0 0 0 0 0 0 0 0 0 0 0 0 0 0 0 0 0 0 0 0
0 0 0 0 0 0 0 0 0 0 0 0 0 0 0 0 0 0 0 0 0 0 0 0 0 0 0 0 0 0 0 0 0 0 0 0 0 0 0 0 0 0 0 0 0 0 0 0 0 0 0 0 0 0 0 0 0 0 0 0 0 0 0
0 0 0 0 0 0 0 0 0 0 0 0 0 0 0 0 0 0 0 0 0 0 0 0 0 0 0 0 0 0 0 0 0 0 0 0 0 0 0 0 0 0 0 0 0 0 0 0 0 0 0 0 0 0 0 0 0 0 0 0 0 0 0
0 0 0 0 0 0 0 0 0 0 0 0 0 0 0 0 0 0 0 0 0 0 0 0 0 0 0 0 0 0 0 0 0 0 0 0 0 0 0 0 0 0 0 0 0 0 0 0 0 0 0 0 0 0 0 0 0 0 0 0 0 0 0
0.34845662117004395 0.8129514455795288 1.6044941375525923e-08 0.4076090157032013 0.7515953779220581 0.1336546391248703 0.4375283122062683 0.6752421259880066 0.2098810225725174 0.4547792971134186 0.6209595203399658 0.25617969036102295 0.4687737226486206 0.5713977813720703 0.29815706610679626 0.4301987588405609 0.566638708114624 0.21223095059394836 0.47171157598495483 0.4752785265445709 0.2724411189556122 0.4931983947753906 0.42131751775741577 0.31283503770828247 0.5090000629425049 0.3809611201286316 0.33712589740753174 0.427263468503952 0.5461034178733826 0.14786221086978912 0.4734523594379425 0.43640077114105225 0.2120397388935089 0.4971241354942322 0.3692191243171692 0.25251588225364685 0.5141916275024414 0.3164142072200775 0.2766062617301941 0.41539326310157776 0.531775951385498 0.08390308171510696 0.4558320939540863 0.41762056946754456 0.12915481626987457 0.47202765941619873 0.3565586805343628 0.16483725607395172 0.48119398951530457 0.2987937331199646 0.1848190575838089 0.4009568393230438 0.5173072218894958 0.02468523010611534 0.40936052799224854 0.42411157488822937 0.049106061458587646 0.4059211015701294 0.37911784648895264 0.07216530293226242 0.39956924319267273 0.3380292057991028 0.08834820985794067
0 0 0 0 0 0 0 0 0 0 0 0 0 0 0 0 0 0 0 0 0 0 0 0 0 0 0 0 0 0 0 0 0 0 0 0 0 0 0 0 0 0 0 0 0 0 0 0 0 0 0 0 0 0 0 0 0 0 0 0 0 0 0
0 0 0 0 0 0 0 0 0 0 0 0 0 0 0 0 0 0 0 0 0 0 0 0 0 0 0 0 0 0 0 0 0 0 0 0 0 0 0 0 0 0 0 0 0 0 0 0 0 0 0 0 0 0 0 0 0 0 0 0 0 0 0
0 0 0 0 0 0 0 0 0 0 0 0 0 0 0 0 0 0 0 0 0 0 0 0 0 0 0 0 0 0 0 0 0 0 0 0 0 0 0 0 0 0 0 0 0 0 0 0 0 0 0 0 0 0 0 0 0 0 0 0 0 0 0
0 0 0 0 0 0 0 0 0 0 0 0 0 0 0 0 0 0 0 0 0 0 0 0 0 0 0 0 0 0 0 0 0 0 0 0 0 0 0 0 0 0 0 0 0 0 0 0 0 0 0 0 0 0 0 0 0 0 0 0 0 0 0
0 0 0 0 0 0 0 0 0 0 0 0 0 0 0 0 0 0 0 0 0 0 0 0 0 0 0 0 0 0 0 0 0 0 0 0 0 0 0 0 0 0 0 0 0 0 0 0 0 0 0 0 0 0 0 0 0 0 0 0 0 0 0
0 0 0 0 0 0 0 0 0 0 0 0 0 0 0 0 0 0 0 0 0 0 0 0 0 0 0 0 0 0 0 0 0 0 0 0 0 0 0 0 0 0 0 0 0 0 0 0 0 0 0 0 0 0 0 0 0 0 0 0 0 0 0
0 0 0 0 0 0 0 0 0 0 0 0 0 0 0 0 0 0 0 0 0 0 0 0 0 0 0 0 0 0 0 0 0 0 0 0 0 0 0 0 0 0 0 0 0 0 0 0 0 0 0 0 0 0 0 0 0 0 0 0 0 0 0
0 0 0 0 0 0 0 0 0 0 0 0 0 0 0 0 0 0 0 0 0 0 0 0 0 0 0 0 0 0 0 0 0 0 0 0 0 0 0 0 0 0 0 0 0 0 0 0 0 0 0 0 0 0 0 0 0 0 0 0 0 0 0
0 0 0 0 0 0 0 0 0 0 0 0 0 0 0 0 0 0 0 0 0 0 0 0 0 0 0 0 0 0 0 0 0 0 0 0 0 0 0 0 0 0 0 0 0 0 0 0 0 0 0 0 0 0 0 0 0 0 0 0 0 0 0
0 0 0 0 0 0 0 0 0 0 0 0 0 0 0 0 0 0 0 0 0 0 0 0 0 0 0 0 0 0 0 0 0 0 0 0 0 0 0 0 0 0 0 0 0 0 0 0 0 0 0 0 0 0 0 0 0 0 0 0 0 0 0
0 0 0 0 0 0 0 0 0 0 0 0 0 0 0 0 0 0 0 0 0 0 0 0 0 0 0 0 0 0 0 0 0 0 0 0 0 0 0 0 0 0 0 0 0 0 0 0 0 0 0 0 0 0 0 0 0 0 0 0 0 0 0
0 0 0 0 0 0 0 0 0 0 0 0 0 0 0 0 0 0 0 0 0 0 0 0 0 0 0 0 0 0 0 0 0 0 0 0 0 0 0 0 0 0 0 0 0 0 0 0 0 0 0 0 0 0 0 0 0 0 0 0 0 0 0
0 0 0 0 0 0 0 0 0 0 0 0 0 0 0 0 0 0 0 0 0 0 0 0 0 0 0 0 0 0 0 0 0 0 0 0 0 0 0 0 0 0 0 0 0 0 0 0 0 0 0 0 0 0 0 0 0 0 0 0 0 0 0
0 0 0 0 0 0 0 0 0 0 0 0 0 0 0 0 0 0 0 0 0 0 0 0 0 0 0 0 0 0 0 0 0 0 0 0 0 0 0 0 0 0 0 0 0 0 0 0 0 0 0 0 0 0 0 0 0 0 0 0 0 0 0
0 0 0 0 0 0 0 0 0 0 0 0 0 0 0 0 0 0 0 0 0 0 0 0 0 0 0 0 0 0 0 0 0 0 0 0 0 0 0 0 0 0 0 0 0 0 0 0 0 0 0 0 0 0 0 0 0 0 0 0 0 0 0
0 0 0 0 0 0 0 0 0 0 0 0 0 0 0 0 0 0 0 0 0 0 0 0 0 0 0 0 0 0 0 0 0 0 0 0 0 0 0 0 0 0 0 0 0 0 0 0 0 0 0 0 0 0 0 0 0 0 0 0 0 0 0
0 0 0 0 0 0 0 0 0 0 0 0 0 0 0 0 0 0 0 0 0 0 0 0 0 0 0 0 0 0 0 0 0 0 0 0 0 0 0 0 0 0 0 0 0 0 0 0 0 0 0 0 0 0 0 0 0 0 0 0 0 0 0
0 0 0 0 0 0 0 0 0 0 0 0 0 0 0 0 0 0 0 0 0 0 0 0 0 0 0 0 0 0 0 0 0 0 0 0 0 0 0 0 0 0 0 0 0 0 0 0 0 0 0 0 0 0 0 0 0 0 0 0 0 0 0
0 0 0 0 0 0 0 0 0 0 0 0 0 0 0 0 0 0 0 0 0 0 0 0 0 0 0 0 0 0 0 0 0 0 0 0 0 0 0 0 0 0 0 0 0 0 0 0 0 0 0 0 0 0 0 0 0 0 0 0 0 0 0
0 0 0 0 0 0 0 0 0 0 0 0 0 0 0 0 0 0 0 0 0 0 0 0 0 0 0 0 0 0 0 0 0 0 0 0 0 0 0 0 0 0 0 0 0 0 0 0 0 0 0 0 0 0 0 0 0 0 0 0 0 0 0
0 0 0 0 0 0 0 0 0 0 0 0 0 0 0 0 0 0 0 0 0 0 0 0 0 0 0 0 0 0 0 0 0 0 0 0 0 0 0 0 0 0 0 0 0 0 0 0 0 0 0 0 0 0 0 0 0 0 0 0 0 0 0
