0 0 0 0 0 0 0 0 0 0 0 0 0 0 0 0 0 0 0 0 0 0 0 0 0 0 0 0 0 0 0 0 0 0 0 0 0 0 0 0 0 0 0 0 0 0 0 0 0 0 0 0 0 0 0 0 0 0 0 0 0 0 0
0 0 0 0 0 0 0 0 0 0 0 0 0 0 0 0 0 0 0 0 0 0 0 0 0 0 0 0 0 0 0 0 0 0 0 0 0 0 0 0 0 0 0 0 0 0 0 0 0 0 0 0 0 0 0 0 0 0 0 0 0 0 0
0 0 0 0 0 0 0 0 0 0 0 0 0 0 0 0 0 0 0 0 0 0 0 0 0 0 0 0 0 0 0 0 0 0 0 0 0 0 0 0 0 0 0 0 0 0 0 0 0 0 0 0 0 0 0 0 0 0 0 0 0 0 0
0.37348443269729614 0.5656799674034119 6.202744096128754e-09 0.3439883589744568 0.49233007431030273 -0.028155459091067314 0.33823734521865845 0.4147014319896698 -0.04347550496459007 0.3464702367782593 0.3573552966117859 -0.05606687068939209 0.3505140542984009 0.30520200729370117 -0.07043246179819107 0.40162843465805054 0.38880455493927 -0.0344260111451149 0.43659114837646484 0.33379149436950684 -0.05175584927201271 0.46269407868385315 0.30884575843811035 -0.0645153746008873 0.4862572252750397 0.2924767732620239 -0.0734701156616211 0.43497759103775024 0.4203663170337677 -0.03125105798244476 0.47414594888687134 0.36449214816093445 -0.04771032929420471 0.500931978225708 0.3366434574127197 -0.06417780369520187 0.5245068669319153 0.3162192702293396 -0.07722240686416626 0.46096542477607727 0.4576387107372284 -0.029897281900048256 0.4988882839679718 0.4044528007507324 -0.045594532042741776 0.5240174531936646 0.3695604205131531 -0.06416957825422287 0.5444584488868713 0.34201884269714355 -0.07764937728643417 0.4792725443840027 0.5003095865249634 -0.031402382999658585 0.5117928385734558 0.457780122756958 -0.04540429264307022 0.5307570695877075 0.42489874362945557 -0.05894508212804794 0.5470367670059204 0.3977981209754944 -0.06992285698652267
0.34376510977745056 0.5980686545372009 6.5986638375648e-09 0.3155099153518677 0.509346067905426 0.0003717754443641752 0.32155489921569824 0.4275076389312744 0.00327443890273571 0.34779608249664307 0.36412689089775085 0.003417443949729204 0.3647523522377014 0.3081945478916168 0.0034836570266634226 0.4054393768310547 0.3960314691066742 0.020181111991405487 0.45712020993232727 0.33285632729530334 0.02336724102497101 0.48220598697662354 0.31848788261413574 0.028117507696151733 0.49920374155044556 0.32129326462745667 0.031803738325834274 0.4410111606121063 0.42846331000328064 0.014787070453166962 0.49613523483276367 0.36290910840034485 0.016749773174524307 0.5192829966545105 0.33880141377449036 0.01501608919352293 0.5332227349281311 0.3322179317474365 0.014083100482821465 0.46614837646484375 0.4688278138637543 0.008126853033900261 0.5181337594985962 0.40830397605895996 0.00649406760931015 0.5394413471221924 0.3770662248134613 0.0036792047321796417 0.5511733293533325 0.36236193776130676 0.0029576322995126247 0.48388105630874634 0.5165860056877136 -0.0002253506681881845 0.5266994833946228 0.4720655083656311 -0.002133715897798538 0.5447468161582947 0.44392114877700806 -0.0026662570890039206 0.5542594790458679 0.42654886841773987 -0.0020137557294219732
0 0 0 0 0 0 0 0 0 0 0 0 0 0 0 0 0 0 0 0 0 0 0 0 0 0 0 0 0 0 0 0 0 0 0 0 0 0 0 0 0 0 0 0 0 0 0 0 0 0 0 0 0 0 0 0 0 0 0 0 0 0 0
0 0 0 0 0 0 0 0 0 0 0 0 0 0 0 0 0 0 0 0 0 0 0 0 0 0 0 0 0 0 0 0 0 0 0 0 0 0 0 0 0 0 0 0 0 0 0 0 0 0 0 0 0 0 0 0 0 0 0 0 0 0 0
0 0 0 0 0 0 0 0 0 0 0 0 0 0 0 0 0 0 0 0 0 0 0 0 0 0 0 0 0 0 0 0 0 0 0 0 0 0 0 0 0 0 0 0 0 0 0 0 0 0 0 0 0 0 0 0 0 0 0 0 0 0 0
0.2729666829109192 0.5631208419799805 7.3340671313815164e-09 0.2551228404045105 0.4786296486854553 -0.02933582291007042 0.2771971523761749 0.40267711877822876 -0.04127584025263786 0.3112892210483551 0.3542429506778717 -0.05267674848437309 0.3376198709011078 0.30778923630714417 -0.06544189900159836 0.37647590041160583 0.3701837360858917 -0.005795205943286419 0.4252112805843353 0.31880539655685425 -0.015567132271826267 0.44856497645378113 0.29950591921806335 -0.026121215894818306 0.4621420204639435 0.29221612215042114 -0.03383786603808403 0.4071735441684723 0.40756067633628845 -0.0036055557429790497 0.45942628383636475 0.35540246963500977 -0.013120917603373528 0.48017534613609314 0.33375582098960876 -0.031247586011886597 0.4954223930835724 0.31989502906799316 -0.044949643313884735 0.4260527491569519 0.45357948541641235 -0.005706599913537502 0.4774685502052307 0.41060182452201843 -0.015702983364462852 0.5008857250213623 0.3861275613307953 -0.034469831734895706 0.515094518661499 0.3691229522228241 -0.04842120781540871 0.4356430470943451 0.5070720911026001 -0.01238185167312622 0.47881045937538147 0.4784885346889496 -0.022391868755221367 0.49763014912605286 0.4602780044078827 -0.03485274314880371 0.5087502002716064 0.4467613101005554 -0.044770874083042145
0.2882032096385956 0.6175625324249268 4.138399845032836e-09 0.2569580674171448 0.5291098952293396 -0.03611554577946663 0.26809167861938477 0.43782833218574524 -0.05211138352751732 0.30293193459510803 0.3754197061061859 -0.06398534029722214 0.3318514823913574 0.3274834156036377 -0.07629415392875671 0.3549920916557312 0.4114987254142761 -0.03592080995440483 0.4075673222541809 0.34640148282051086 -0.04778549075126648 0.4301643371582031 0.32720625400543213 -0.05311504006385803 0.4431234896183014 0.32653504610061646 -0.056897591799497604 0.3918446898460388 0.4463872015476227 -0.028946027159690857 0.4441342353820801 0.37549731135368347 -0.045018866658210754 0.45905089378356934 0.357136070728302 -0.05870871618390083 0.46703726053237915 0.35346534848213196 -0.06697899848222733 0.4207872748374939 0.4866626262664795 -0.02420949749648571 0.46829837560653687 0.41996079683303833 -0.043098192662000656 0.48085764050483704 0.3932264745235443 -0.061966702342033386 0.4844605326652527 0.38022834062576294 -0.07282894849777222 0.4414314031600952 0.5346436500549316 -0.02254810370504856 0.48148277401924133 0.48296183347702026 -0.03976833075284958 0.4907955527305603 0.4627920985221863 -0.0533878356218338 0.4909493923187256 0.4543209671974182 -0.0619993656873703
0 0 0 0 0 0 0 0 0 0 0 0 0 0 0 0 0 0 0 0 0 0 0 0 0 0 0 0 0 0 0 0 0 0 0 0 0 0 0 0 0 0 0 0 0 0 0 0 0 0 0 0 0 0 0 0 0 0 0 0 0 0 0
0 0 0 0 0 0 0 0 0 0 0 0 0 0 0 0 0 0 0 0 0 0 0 0 0 0 0 0 0 0 0 0 0 0 0 0 0 0 0 0 0 0 0 0 0 0 0 0 0 0 0 0 0 0 0 0 0 0 0 0 0 0 0
0.31207704544067383 0.6792443990707397 6.6470731141521355e-09 0.2796274423599243 0.5650444030761719 -0.004237473476678133 0.3010734021663666 0.4533593952655792 0.006931803189218044 0.3363659977912903 0.3790191411972046 0.014072556048631668 0.36239030957221985 0.33335769176483154 0.020581239834427834 0.3870430588722229 0.42816025018692017 0.06506918370723724 0.4406524896621704 0.3751152753829956 0.08509139716625214 0.4808589220046997 0.3571258783340454 0.09114999324083328 0.5147129893302917 0.35527318716049194 0.0931549072265625 0.42264246940612793 0.4718179702758789 0.06630899012088776 0.47193947434425354 0.42299920320510864 0.09327331930398941 0.5082504153251648 0.39722079038619995 0.09167934954166412 0.5376061797142029 0.38856297731399536 0.08714870363473892 0.4450063705444336 0.5221956372261047 0.06267528980970383 0.4909760355949402 0.47094297409057617 0.08151404559612274 0.5185060501098633 0.4430491626262665 0.07741568237543106 0.5365867018699646 0.4335935413837433 0.07180201262235641 0.4601813554763794 0.575028121471405 0.054965972900390625 0.4912899434566498 0.5346056222915649 0.06650034338235855 0.5138752460479736 0.5131590962409973 0.06689377874135971 0.5313464403152466 0.5038794279098511 0.06624717265367508
0 0 0 0 0 0 0 0 0 0 0 0 0 0 0 0 0 0 0 0 0 0 0 0 0 0 0 0 0 0 0 0 0 0 0 0 0 0 0 0 0 0 0 0 0 0 0 0 0 0 0 0 0 0 0 0 0 0 0 0 0 0 0
0.2918761968612671 0.5922902822494507 7.207281882415373e-09 0.26365941762924194 0.4999215602874756 -0.024939004331827164 0.2798160910606384 0.41788193583488464 -0.03414532542228699 0.31560876965522766 0.36748412251472473 -0.04299953207373619 0.33772337436676025 0.31990233063697815 -0.05251408740878105 0.38040655851364136 0.3753865957260132 0.00103138224221766 0.43108364939689636 0.32238659262657166 -0.005907077807933092 0.45306330919265747 0.311482310295105 -0.013306024484336376 0.4648367166519165 0.3084912896156311 -0.018581459298729897 0.4130621552467346 0.42039579153060913 0.0030884109437465668 0.46187824010849 0.372264564037323 -0.003015904687345028 0.47972041368484497 0.35815292596817017 -0.01607554964721203 0.4899974465370178 0.35042738914489746 -0.025635607540607452 0.43036791682243347 0.4751439690589905 0.0012247732374817133 0.4781081974506378 0.4411391615867615 -0.007170633878558874 0.4964791536331177 0.4250801205635071 -0.020238859578967094 0.5027269721031189 0.4174744188785553 -0.02896929532289505 0.438223272562027 0.5363198518753052 -0.005039500538259745 0.4768178462982178 0.5206562280654907 -0.012500535696744919 0.48698198795318604 0.5111465454101562 -0.019454874098300934 0.4890574514865875 0.5060024261474609 -0.02434476837515831
0.2925911545753479 0.6185164451599121 4.23373114344372e-09 0.269758403301239 0.5202245712280273 -0.016008790582418442 0.28644853830337524 0.431822270154953 -0.019343988969922066 0.3193136751651764 0.37393125891685486 -0.022916002199053764 0.34379589557647705 0.33042407035827637 -0.02692657895386219 0.36934158205986023 0.41009101271629333 0.004474645480513573 0.4177442789077759 0.3526837229728699 0.005192174576222897 0.4408041536808014 0.33081018924713135 0.003989986144006252 0.4562221169471741 0.32502955198287964 0.001982476795092225 0.40236786007881165 0.449169397354126 0.0054135192185640335 0.4514641761779785 0.3960820734500885 0.004696768242865801 0.4687018394470215 0.3732304573059082 -0.004439163021743298 0.4796328842639923 0.3652541935443878 -0.011585002765059471 0.4261487126350403 0.4925957918167114 0.004153112415224314 0.4740212857723236 0.44758743047714233 -0.0006966239307075739 0.4888850748538971 0.42381009459495544 -0.013541863299906254 0.49453169107437134 0.41248658299446106 -0.022164134308695793 0.44080328941345215 0.5398175716400146 0.00031091796699911356 0.4808971881866455 0.509587824344635 -0.005574971903115511 0.49149516224861145 0.49553877115249634 -0.013409705832600594 0.49360668659210205 0.49012041091918945 -0.01889275573194027
0 0 0 0 0 0 0 0 0 0 0 0 0 0 0 0 0 0 0 0 0 0 0 0 0 0 0 0 0 0 0 0 0 0 0 0 0 0 0 0 0 0 0 0 0 0 0 0 0 0 0 0 0 0 0 0 0 0 0 0 0 0 0
0 0 0 0 0 0 0 0 0 0 0 0 0 0 0 0 0 0 0 0 0 0 0 0 0 0 0 0 0 0 0 0 0 0 0 0 0 0 0 0 0 0 0 0 0 0 0 0 0 0 0 0 0 0 0 0 0 0 0 0 0 0 0
0 0 0 0 0 0 0 0 0 0 0 0 0 0 0 0 0 0 0 0 0 0 0 0 0 0 0 0 0 0 0 0 0 0 0 0 0 0 0 0 0 0 0 0 0 0 0 0 0 0 0 0 0 0 0 0 0 0 0 0 0 0 0
0 0 0 0 0 0 0 0 0 0 0 0 0 0 0 0 0 0 0 0 0 0 0 0 0 0 0 0 0 0 0 0 0 0 0 0 0 0 0 0 0 0 0 0 0 0 0 0 0 0 0 0 0 0 0 0 0 0 0 0 0 0 0
0 0 0 0 0 0 0 0 0 0 0 0 0 0 0 0 0 0 0 0 0 0 0 0 0 0 0 0 0 0 0 0 0 0 0 0 0 0 0 0 0 0 0 0 0 0 0 0 0 0 0 0 0 0 0 0 0 0 0 0 0 0 0
0 0 0 0 0 0 0 0 0 0 0 0 0 0 0 0 0 0 0 0 0 0 0 0 0 0 0 0 0 0 0 0 0 0 0 0 0 0 0 0 0 0 0 0 0 0 0 0 0 0 0 0 0 0 0 0 0 0 0 0 0 0 0
0.3771815896034241 0.5770712494850159 1.111835956635332e-09 0.3391023278236389 0.5155006051063538 -0.03441140428185463 0.3277457356452942 0.442110151052475 -0.05174078419804573 0.335062712430954 0.3894765079021454 -0.06635353714227676 0.33784162998199463 0.34073635935783386 -0.07880660891532898 0.401542067527771 0.38304072618484497 -0.027438266202807426 0.42310023307800293 0.3482718765735626 -0.036562491208314896 0.40945568680763245 0.38635656237602234 -0.03538903594017029 0.40514880418777466 0.4062979221343994 -0.036061666905879974 0.43921637535095215 0.41287919878959656 -0.024372750893235207 0.46232637763023376 0.3802476227283478 -0.04236378148198128 0.4412194490432739 0.4153991639614105 -0.046150561422109604 0.43264612555503845 0.42763927578926086 -0.0463329553604126 0.46579867601394653 0.4538901746273041 -0.02476361207664013 0.4884128272533417 0.4263674318790436 -0.04364030808210373 0.46838945150375366 0.4532668888568878 -0.04671112075448036 0.45870527625083923 0.46144288778305054 -0.046400994062423706 0.4837007522583008 0.502753734588623 -0.0288945771753788 0.49697402119636536 0.4906214773654938 -0.04252570867538452 0.4803948998451233 0.505433201789856 -0.04630506783723831 0.47031211853027344 0.5095706582069397 -0.04727579280734062
0.381637305021286 0.6033295392990112 1.5355275939654689e-09 0.3400493562221527 0.5437015295028687 -0.02042626030743122 0.3288009762763977 0.4673672914505005 -0.027329813688993454 0.3406585156917572 0.4061914086341858 -0.03313255310058594 0.3470999300479889 0.35556721687316895 -0.03982967883348465 0.3921099603176117 0.4381178021430969 -0.0071814595721662045 0.4243937134742737 0.38428765535354614 -0.01131897047162056 0.44245445728302 0.37183114886283875 -0.015777582302689552 0.4546778202056885 0.37227389216423035 -0.019197190180420876 0.429510235786438 0.4619668424129486 -0.003753177123144269 0.4625028371810913 0.40718594193458557 -0.011312286369502544 0.4735998809337616 0.40063539147377014 -0.023592790588736534 0.47639185190200806 0.4123237133026123 -0.03126109391450882 0.4592225253582001 0.4911758303642273 -0.0019398651784285903 0.4907468855381012 0.43812987208366394 -0.010792301036417484 0.4954131841659546 0.42993608117103577 -0.023372098803520203 0.4911181926727295 0.4401867985725403 -0.030926832929253578 0.48381906747817993 0.5260979533195496 -0.002752630040049553 0.5084255933761597 0.4849061071872711 -0.010633810423314571 0.510998010635376 0.4736524522304535 -0.018365293741226196 0.5058308243751526 0.47714340686798096 -0.02337854914367199
0 0 0 0 0 0 0 0 0 0 0 0 0 0 0 0 0 0 0 0 0 0 0 0 0 0 0 0 0 0 0 0 0 0 0 0 0 0 0 0 0 0 0 0 0 0 0 0 0 0 0 0 0 0 0 0 0 0 0 0 0 0 0
0 0 0 0 0 0 0 0 0 0 0 0 0 0 0 0 0 0 0 0 0 0 0 0 0 0 0 0 0 0 0 0 0 0 0 0 0 0 0 0 0 0 0 0 0 0 0 0 0 0 0 0 0 0 0 0 0 0 0 0 0 0 0
0.28164252638816833 0.6814472079277039 1.1632262264527071e-08 0.35249781608581543 0.67537921667099 -0.014557230286300182 0.4168514311313629 0.6179826855659485 -0.025932880118489265 0.44399797916412354 0.5712792277336121 -0.04059299826622009 0.4452211558818817 0.5466842651367188 -0.05441761389374733 0.3941476345062256 0.4397631883621216 0.006514091044664383 0.4383104741573334 0.3788782060146332 -0.00391408009454608 0.4777246117591858 0.3712383806705475 -0.014479875564575195 0.5101295113563538 0.3853222131729126 -0.022324344143271446 0.3505897521972656 0.42547768354415894 -0.0014685221249237657 0.3898535370826721 0.3973454236984253 -0.010117940604686737 0.41163212060928345 0.4181249439716339 -0.02070746384561062 0.42428821325302124 0.4395644962787628 -0.027864525094628334 0.3060837388038635 0.4344047009944916 -0.013216901570558548 0.3423553705215454 0.413362979888916 -0.02275831811130047 0.3517422378063202 0.44400909543037415 -0.02708316780626774 0.3529507517814636 0.47017422318458557 -0.02944277413189411 0.2610785961151123 0.4556438624858856 -0.02940458618104458 0.2877354323863983 0.4428766071796417 -0.03443124145269394 0.30042630434036255 0.46834975481033325 -0.034184373915195465 0.3034384846687317 0.493847519159317 -0.03391077741980553
0.25171607732772827 0.705146849155426 6.7251204605156545e-09 0.3071301281452179 0.6939024925231934 0.005791130010038614 0.35434505343437195 0.658599853515625 0.0009982214542105794 0.38090020418167114 0.6308878064155579 -0.013865837827324867 0.40247270464897156 0.616840124130249 -0.031968094408512115 0.3407767117023468 0.5086899995803833 0.028662338852882385 0.3813641369342804 0.44254302978515625 0.010584991425275803 0.4213656783103943 0.40739092230796814 -0.012224557809531689 0.45955634117126465 0.38250404596328735 -0.030510641634464264 0.31907254457473755 0.4835812449455261 0.0024124677293002605 0.3648020625114441 0.40684738755226135 -0.019128356128931046 0.4074046313762665 0.36964449286460876 -0.051453497260808945 0.4471442997455597 0.3453173041343689 -0.07693002372980118 0.2863752841949463 0.4696706235408783 -0.027707284316420555 0.3252113461494446 0.38842278718948364 -0.05139736831188202 0.3682587444782257 0.3520432710647583 -0.08134636282920837 0.41036444902420044 0.32762208580970764 -0.10366538912057877 0.24162405729293823 0.46620768308639526 -0.05982661619782448 0.25618934631347656 0.3917669653892517 -0.08323856443166733 0.2827796936035156 0.35253968834877014 -0.10474441200494766 0.3115398585796356 0.32508641481399536 -0.12281636148691177
0 0 0 0 0 0 0 0 0 0 0 0 0 0 0 0 0 0 0 0 0 0 0 0 0 0 0 0 0 0 0 0 0 0 0 0 0 0 0 0 0 0 0 0 0 0 0 0 0 0 0 0 0 0 0 0 0 0 0 0 0 0 0
0 0 0 0 0 0 0 0 0 0 0 0 0 0 0 0 0 0 0 0 0 0 0 0 0 0 0 0 0 0 0 0 0 0 0 0 0 0 0 0 0 0 0 0 0 0 0 0 0 0 0 0 0 0 0 0 0 0 0 0 0 0 0
0 0 0 0 0 0 0 0 0 0 0 0 0 0 0 0 0 0 0 0 0 0 0 0 0 0 0 0 0 0 0 0 0 0 0 0 0 0 0 0 0 0 0 0 0 0 0 0 0 0 0 0 0 0 0 0 0 0 0 0 0 0 0
0 0 0 0 0 0 0 0 0 0 0 0 0 0 0 0 0 0 0 0 0 0 0 0 0 0 0 0 0 0 0 0 0 0 0 0 0 0 0 0 0 0 0 0 0 0 0 0 0 0 0 0 0 0 0 0 0 0 0 0 0 0 0
0.30092179775238037 0.6968984007835388 3.5686940069723505e-09 0.378855437040329 0.6707110404968262 0.012839425355196 0.4326103925704956 0.5777893662452698 0.026180898770689964 0.4339104890823364 0.49261194467544556 0.031811438500881195 0.41882240772247314 0.43772873282432556 0.036732397973537445 0.4001598358154297 0.4470648467540741 0.059710998088121414 0.4411102831363678 0.38310903310775757 0.06704233586788177 0.48205113410949707 0.37157055735588074 0.06179117411375046 0.5155960321426392 0.388236403465271 0.05687722563743591 0.3536442220211029 0.4263307452201843 0.04848270118236542 0.39655065536499023 0.41937199234962463 0.05646815896034241 0.39997851848602295 0.4723895788192749 0.041082728654146194 0.39200153946876526 0.5224635004997253 0.03102753311395645 0.31054356694221497 0.42717456817626953 0.03501252830028534 0.35309505462646484 0.4411436915397644 0.03984954580664635 0.35729190707206726 0.5058262348175049 0.024435780942440033 0.3523034453392029 0.5563204288482666 0.014678506180644035 0.26790785789489746 0.43823009729385376 0.019569098949432373 0.3094804286956787 0.4023060202598572 0.01724318228662014 0.33693569898605347 0.39433133602142334 0.006749292835593224 0.3558248281478882 0.3918311297893524 -0.0003232016460970044
0.27621859312057495 0.7197619676589966 -2.2213806349924425e-09 0.3386080861091614 0.6974599361419678 -0.015700384974479675 0.4009001553058624 0.6460511088371277 -0.03420479968190193 0.4252014756202698 0.5966724157333374 -0.056024882942438126 0.41910046339035034 0.5567052960395813 -0.07986298948526382 0.37743496894836426 0.49490711092948914 -0.02632911689579487 0.42176538705825806 0.41563621163368225 -0.058713410049676895 0.4655994474887848 0.38564038276672363 -0.08469955623149872 0.507797360420227 0.3733905255794525 -0.10359679907560349 0.3441764712333679 0.4809189736843109 -0.042670417577028275 0.3970852494239807 0.40560972690582275 -0.08134201914072037 0.4456521272659302 0.3714357614517212 -0.11616460233926773 0.4884108304977417 0.3508840799331665 -0.14129190146923065 0.30314481258392334 0.4840036928653717 -0.06120232120156288 0.3470805287361145 0.4069313704967499 -0.09784004092216492 0.3919064998626709 0.3646109104156494 -0.12759560346603394 0.4324156641960144 0.3368138074874878 -0.1478162407875061 0.2538224458694458 0.4986388683319092 -0.08248336613178253 0.27489304542541504 0.42689844965934753 -0.1133584976196289 0.30407649278640747 0.380916565656662 -0.13579709827899933 0.3323917090892792 0.34598785638809204 -0.15339235961437225
0 0 0 0 0 0 0 0 0 0 0 0 0 0 0 0 0 0 0 0 0 0 0 0 0 0 0 0 0 0 0 0 0 0 0 0 0 0 0 0 0 0 0 0 0 0 0 0 0 0 0 0 0 0 0 0 0 0 0 0 0 0 0
0 0 0 0 0 0 0 0 0 0 0 0 0 0 0 0 0 0 0 0 0 0 0 0 0 0 0 0 0 0 0 0 0 0 0 0 0 0 0 0 0 0 0 0 0 0 0 0 0 0 0 0 0 0 0 0 0 0 0 0 0 0 0
0 0 0 0 0 0 0 0 0 0 0 0 0 0 0 0 0 0 0 0 0 0 0 0 0 0 0 0 0 0 0 0 0 0 0 0 0 0 0 0 0 0 0 0 0 0 0 0 0 0 0 0 0 0 0 0 0 0 0 0 0 0 0
0 0 0 0 0 0 0 0 0 0 0 0 0 0 0 0 0 0 0 0 0 0 0 0 0 0 0 0 0 0 0 0 0 0 0 0 0 0 0 0 0 0 0 0 0 0 0 0 0 0 0 0 0 0 0 0 0 0 0 0 0 0 0
0 0 0 0 0 0 0 0 0 0 0 0 0 0 0 0 0 0 0 0 0 0 0 0 0 0 0 0 0 0 0 0 0 0 0 0 0 0 0 0 0 0 0 0 0 0 0 0 0 0 0 0 0 0 0 0 0 0 0 0 0 0 0
0 0 0 0 0 0 0 0 0 0 0 0 0 0 0 0 0 0 0 0 0 0 0 0 0 0 0 0 0 0 0 0 0 0 0 0 0 0 0 0 0 0 0 0 0 0 0 0 0 0 0 0 0 0 0 0 0 0 0 0 0 0 0
0 0 0 0 0 0 0 0 0 0 0 0 0 0 0 0 0 0 0 0 0 0 0 0 0 0 0 0 0 0 0 0 0 0 0 0 0 0 0 0 0 0 0 0 0 0 0 0 0 0 0 0 0 0 0 0 0 0 0 0 0 0 0
0 0 0 0 0 0 0 0 0 0 0 0 0 0 0 0 0 0 0 0 0 0 0 0 0 0 0 0 0 0 0 0 0 0 0 0 0 0 0 0 0 0 0 0 0 0 0 0 0 0 0 0 0 0 0 0 0 0 0 0 0 0 0
0 0 0 0 0 0 0 0 0 0 0 0 0 0 0 0 0 0 0 0 0 0 0 0 0 0 0 0 0 0 0 0 0 0 0 0 0 0 0 0 0 0 0 0 0 0 0 0 0 0 0 0 0 0 0 0 0 0 0 0 0 0 0
0 0 0 0 0 0 0 0 0 0 0 0 0 0 0 0 0 0 0 0 0 0 0 0 0 0 0 0 0 0 0 0 0 0 0 0 0 0 0 0 0 0 0 0 0 0 0 0 0 0 0 0 0 0 0 0 0 0 0 0 0 0 0
0 0 0 0 0 0 0 0 0 0 0 0 0 0 0 0 0 0 0 0 0 0 0 0 0 0 0 0 0 0 0 0 0 0 0 0 0 0 0 0 0 0 0 0 0 0 0 0 0 0 0 0 0 0 0 0 0 0 0 0 0 0 0
0 0 0 0 0 0 0 0 0 0 0 0 0 0 0 0 0 0 0 0 0 0 0 0 0 0 0 0 0 0 0 0 0 0 0 0 0 0 0 0 0 0 0 0 0 0 0 0 0 0 0 0 0 0 0 0 0 0 0 0 0 0 0
0 0 0 0 0 0 0 0 0 0 0 0 0 0 0 0 0 0 0 0 0 0 0 0 0 0 0 0 0 0 0 0 0 0 0 0 0 0 0 0 0 0 0 0 0 0 0 0 0 0 0 0 0 0 0 0 0 0 0 0 0 0 0
0.2523369789123535 0.6925437450408936 8.349612556912689e-09 0.21970434486865997 0.5831523537635803 -0.02110174670815468 0.23773358762264252 0.4730831980705261 -0.024484938010573387 0.28053295612335205 0.39813610911369324 -0.03017127700150013 0.3111780881881714 0.33955198526382446 -0.03614949807524681 0.3505918085575104 0.42554378509521484 0.02869088388979435 0.4093903601169586 0.3484463095664978 0.02660287730395794 0.44315701723098755 0.31489625573158264 0.02048652246594429 0.47015348076820374 0.29442858695983887 0.015738721936941147 0.39111095666885376 0.4630686044692993 0.026870138943195343 0.4525855481624603 0.380549818277359 0.028189346194267273 0.48318007588386536 0.33843469619750977 0.013857371173799038 0.5074033737182617 0.30589550733566284 0.002062193350866437 0.41805073618888855 0.5110888481140137 0.01895987242460251 0.4756228029727936 0.43517357110977173 0.015020559541881084 0.5056997537612915 0.38687875866889954 -0.0015272031305357814 0.5255206227302551 0.35054969787597656 -0.013418433256447315 0.4354478120803833 0.571800708770752 0.0060368250124156475 0.48577508330345154 0.5113040208816528 -0.0003442124288994819 0.5114365816116333 0.46802443265914917 -0.0101315313950181 0.5269625782966614 0.43072739243507385 -0.017718465998768806
0.2694846987724304 0.6994709372520447 2.4730058001409816e-09 0.23137453198432922 0.5796470642089844 -0.002315178280696273 0.24693697690963745 0.47643205523490906 0.0075675081461668015 0.2869681715965271 0.404335618019104 0.0110027976334095 0.31867867708206177 0.3486141562461853 0.014887843281030655 0.3573293089866638 0.4427467882633209 0.07384006679058075 0.4056394398212433 0.37658730149269104 0.08421987295150757 0.4340519309043884 0.3358820676803589 0.08253426104784012 0.46027857065200806 0.3027968406677246 0.08026265352964401 0.3959752023220062 0.4732544422149658 0.06719369441270828 0.44977855682373047 0.40232405066490173 0.08209925889968872 0.4799497425556183 0.3547167479991913 0.0731428861618042 0.5064597129821777 0.3145334720611572 0.0651412159204483 0.42227092385292053 0.5104979276657104 0.0536864697933197 0.47337207198143005 0.44550541043281555 0.06173381954431534 0.5026360154151917 0.39411231875419617 0.053360141813755035 0.5239277482032776 0.3519919216632843 0.046632878482341766 0.4420335292816162 0.5579396486282349 0.035579465329647064 0.4880158305168152 0.5003035664558411 0.03866405412554741 0.5130824446678162 0.4603811502456665 0.03582961484789848 0.5292176008224487 0.42405930161476135 0.03345183655619621
0.2735181450843811 0.65118408203125 -2.823104416904698e-09 0.25292742252349854 0.5383696556091309 0.018109813332557678 0.2731855511665344 0.4481778144836426 0.0339762344956398 0.30448010563850403 0.3911769688129425 0.03846292197704315 0.33117327094078064 0.3561974763870239 0.04304393380880356 0.38558924198150635 0.43455085158348083 0.09440190345048904 0.4300821125507355 0.37307730317115784 0.11107181757688522 0.4577440917491913 0.3397502303123474 0.11289681494235992 0.4838865101337433 0.3203025162220001 0.11171068251132965 0.41859519481658936 0.46765631437301636 0.07731939852237701 0.47048574686050415 0.40335342288017273 0.09874465316534042 0.5032802224159241 0.3600955009460449 0.09294243901968002 0.5316555500030518 0.3263660669326782 0.08587869256734848 0.43959662318229675 0.5059010982513428 0.054406557232141495 0.494167685508728 0.45284536480903625 0.06967736035585403 0.5261565446853638 0.40701454877853394 0.06377989798784256 0.5481616854667664 0.36746060848236084 0.05657944455742836 0.45314061641693115 0.5540955662727356 0.028361765667796135 0.5032381415367126 0.5175703763961792 0.03710278496146202 0.5326600074768066 0.48244473338127136 0.036617547273635864 0.5516822338104248 0.44783473014831543 0.03447781130671501
0.33261001110076904 0.7087186574935913 2.450527114561396e-09 0.30765300989151 0.6274687647819519 -0.01394581887871027 0.3155888617038727 0.5368341207504272 -0.007897922769188881 0.33848994970321655 0.47583070397377014 -0.0008265118231065571 0.3617686629295349 0.43152114748954773 0.006167248822748661 0.39528459310531616 0.4749419093132019 0.019776251167058945 0.4403480291366577 0.4010496139526367 0.026738423854112625 0.47185125946998596 0.3600058853626251 0.026586104184389114 0.5021312236785889 0.32807478308677673 0.024850785732269287 0.43342119455337524 0.49696969985961914 0.02627156861126423 0.4806084632873535 0.42252829670906067 0.03624371066689491 0.5108226537704468 0.3746647536754608 0.02999613620340824 0.5392583012580872 0.33448928594589233 0.02304091304540634 0.45937758684158325 0.5275675058364868 0.029857486486434937 0.5026546120643616 0.4639829695224762 0.034539129585027695 0.5277312994003296 0.4172860383987427 0.023556793108582497 0.5503236651420593 0.3756885230541229 0.014708418399095535 0.47655993700027466 0.5687005519866943 0.030661296099424362 0.5116869211196899 0.515879213809967 0.02919471450150013 0.5362923741340637 0.4813346266746521 0.020431874319911003 0.5570180416107178 0.44992971420288086 0.013665309175848961
0 0 0 0 0 0 0 0 0 0 0 0 0 0 0 0 0 0 0 0 0 0 0 0 0 0 0 0 0 0 0 0 0 0 0 0 0 0 0 0 0 0 0 0 0 0 0 0 0 0 0 0 0 0 0 0 0 0 0 0 0 0 0
0 0 0 0 0 0 0 0 0 0 0 0 0 0 0 0 0 0 0 0 0 0 0 0 0 0 0 0 0 0 0 0 0 0 0 0 0 0 0 0 0 0 0 0 0 0 0 0 0 0 0 0 0 0 0 0 0 0 0 0 0 0 0
0 0 0 0 0 0 0 0 0 0 0 0 0 0 0 0 0 0 0 0 0 0 0 0 0 0 0 0 0 0 0 0 0 0 0 0 0 0 0 0 0 0 0 0 0 0 0 0 0 0 0 0 0 0 0 0 0 0 0 0 0 0 0
0 0 0 0 0 0 0 0 0 0 0 0 0 0 0 0 0 0 0 0 0 0 0 0 0 0 0 0 0 0 0 0 0 0 0 0 0 0 0 0 0 0 0 0 0 0 0 0 0 0 0 0 0 0 0 0 0 0 0 0 0 0 0
0 0 0 0 0 0 0 0 0 0 0 0 0 0 0 0 0 0 0 0 0 0 0 0 0 0 0 0 0 0 0 0 0 0 0 0 0 0 0 0 0 0 0 0 0 0 0 0 0 0 0 0 0 0 0 0 0 0 0 0 0 0 0
0.49314725399017334 0.6331036686897278 3.0269700079799122e-09 0.5301793217658997 0.5819361805915833 -0.0005245886859484017 0.5439542531967163 0.5062925815582275 -0.012086759321391582 0.5334751605987549 0.44619983434677124 -0.02022511325776577 0.5113869905471802 0.4039730429649353 -0.028185930103063583 0.5447387099266052 0.5138950347900391 -0.06189196556806564 0.5340221524238586 0.4371712803840637 -0.08216802030801773 0.5121812224388123 0.3945540189743042 -0.08714921027421951 0.4913252592086792 0.36660608649253845 -0.08936712145805359 0.5141854882240295 0.5344786047935486 -0.06794992089271545 0.4879492223262787 0.4529740512371063 -0.0896952897310257 0.46734941005706787 0.404428631067276 -0.08939898014068604 0.45052701234817505 0.3705017566680908 -0.08983049541711807 0.4811193346977234 0.5544900894165039 -0.06920400261878967 0.45504820346832275 0.4786823093891144 -0.08400005102157593 0.44177016615867615 0.43470704555511475 -0.07713628560304642 0.43254733085632324 0.40559637546539307 -0.07324372977018356 0.4517965614795685 0.57212895154953 -0.06946365535259247 0.43177637457847595 0.5191145539283752 -0.07539961487054825 0.42274215817451477 0.494612455368042 -0.06856941431760788 0.41589534282684326 0.479253351688385 -0.06517793238162994
0 0 0 0 0 0 0 0 0 0 0 0 0 0 0 0 0 0 0 0 0 0 0 0 0 0 0 0 0 0 0 0 0 0 0 0 0 0 0 0 0 0 0 0 0 0 0 0 0 0 0 0 0 0 0 0 0 0 0 0 0 0 0
0 0 0 0 0 0 0 0 0 0 0 0 0 0 0 0 0 0 0 0 0 0 0 0 0 0 0 0 0 0 0 0 0 0 0 0 0 0 0 0 0 0 0 0 0 0 0 0 0 0 0 0 0 0 0 0 0 0 0 0 0 0 0
0 0 0 0 0 0 0 0 0 0 0 0 0 0 0 0 0 0 0 0 0 0 0 0 0 0 0 0 0 0 0 0 0 0 0 0 0 0 0 0 0 0 0 0 0 0 0 0 0 0 0 0 0 0 0 0 0 0 0 0 0 0 0
0 0 0 0 0 0 0 0 0 0 0 0 0 0 0 0 0 0 0 0 0 0 0 0 0 0 0 0 0 0 0 0 0 0 0 0 0 0 0 0 0 0 0 0 0 0 0 0 0 0 0 0 0 0 0 0 0 0 0 0 0 0 0
0 0 0 0 0 0 0 0 0 0 0 0 0 0 0 0 0 0 0 0 0 0 0 0 0 0 0 0 0 0 0 0 0 0 0 0 0 0 0 0 0 0 0 0 0 0 0 0 0 0 0 0 0 0 0 0 0 0 0 0 0 0 0
0 0 0 0 0 0 0 0 0 0 0 0 0 0 0 0 0 0 0 0 0 0 0 0 0 0 0 0 0 0 0 0 0 0 0 0 0 0 0 0 0 0 0 0 0 0 0 0 0 0 0 0 0 0 0 0 0 0 0 0 0 0 0
0 0 0 0 0 0 0 0 0 0 0 0 0 0 0 0 0 0 0 0 0 0 0 0 0 0 0 0 0 0 0 0 0 0 0 0 0 0 0 0 0 0 0 0 0 0 0 0 0 0 0 0 0 0 0 0 0 0 0 0 0 0 0
0 0 0 0 0 0 0 0 0 0 0 0 0 0 0 0 0 0 0 0 0 0 0 0 0 0 0 0 0 0 0 0 0 0 0 0 0 0 0 0 0 0 0 0 0 0 0 0 0 0 0 0 0 0 0 0 0 0 0 0 0 0 0
0.62095046043396 0.7167352437973022 8.43242009551659e-09 0.6703016757965088 0.6442175507545471 -0.0023159547708928585 0.6976448893547058 0.5517874956130981 -0.015171380713582039 0.7107460498809814 0.47500497102737427 -0.028517840430140495 0.7362916469573975 0.4256878197193146 -0.04357950761914253 0.6485674381256104 0.504766047000885 -0.0434841550886631 0.6282501816749573 0.4018082916736603 -0.0652119442820549 0.6102399826049805 0.3396260142326355 -0.07456580549478531 0.591563880443573 0.2915022373199463 -0.08120089769363403 0.6025649905204773 0.5192192196846008 -0.055754855275154114 0.5778684020042419 0.4067034125328064 -0.08033567667007446 0.5586037635803223 0.3309088945388794 -0.09085663408041 0.5399242043495178 0.27158528566360474 -0.09913172572851181 0.5603744387626648 0.5440406203269958 -0.06559430807828903 0.5326931476593018 0.44071125984191895 -0.08826889097690582 0.5156658887863159 0.3691849112510681 -0.09473845362663269 0.50171959400177 0.3143725097179413 -0.0985613539814949 0.5228474736213684 0.5759334564208984 -0.07505287975072861 0.49443328380584717 0.4901539385318756 -0.09313220530748367 0.4819890260696411 0.4362199008464813 -0.09789535403251648 0.4737289249897003 0.39265674352645874 -0.10170341283082962
0.6398975253105164 0.7255597710609436 9.345233031865519e-09 0.6798591613769531 0.6513072848320007 -0.002285127528011799 0.6840307116508484 0.5565901398658752 -0.0013089394196867943 0.6811811923980713 0.48628121614456177 -0.0056623308919370174 0.7001395225524902 0.44117051362991333 -0.012751654721796513 0.6006348133087158 0.4904629588127136 0.02452438697218895 0.5691887140274048 0.4149138629436493 0.016804320737719536 0.546853244304657 0.3645361661911011 0.005736594088375568 0.5274004340171814 0.3237684965133667 -0.002853898098692298 0.5659573078155518 0.5059813857078552 0.013141159899532795 0.5301975011825562 0.43174251914024353 0.007260782644152641 0.5054327249526978 0.3787026107311249 -0.0084652965888381 0.48403117060661316 0.3350977599620819 -0.020725613459944725 0.5391715168952942 0.53289395570755 -0.00191624672152102 0.5035608410835266 0.46190300583839417 -0.01160646416246891 0.47837162017822266 0.4143490493297577 -0.025910547003149986 0.45888030529022217 0.3758961856365204 -0.035940226167440414 0.5186187028884888 0.5716005563735962 -0.019366074353456497 0.48407676815986633 0.5133225321769714 -0.030552441254258156 0.46385693550109863 0.47289955615997314 -0.03934665769338608 0.44858506321907043 0.4409234821796417 -0.04587192460894585
0.5984816551208496 0.766357958316803 5.545004455598246e-09 0.6447330117225647 0.6907901167869568 -0.009092974476516247 0.6465070843696594 0.5828310251235962 -0.010831822641193867 0.6430947780609131 0.5038517713546753 -0.014980552718043327 0.6518703103065491 0.4477486312389374 -0.02199837751686573 0.5713579654693604 0.5220158696174622 0.010029788129031658 0.538497269153595 0.4342830181121826 0.004899781197309494 0.5028941631317139 0.3903319239616394 -0.0030128052458167076 0.471483439207077 0.36405423283576965 -0.009502210654318333 0.5377388000488281 0.5416731834411621 0.005981361493468285 0.5052785277366638 0.450336217880249 0.0028921891935169697 0.4664232134819031 0.40303856134414673 -0.01169497612863779 0.43035078048706055 0.37439605593681335 -0.02367442101240158 0.5106623768806458 0.5727244019508362 -0.0005562128499150276 0.4782372713088989 0.48370611667633057 -0.007329962681978941 0.4399455785751343 0.43557366728782654 -0.024262715131044388 0.406447172164917 0.40567368268966675 -0.03704642131924629 0.48976725339889526 0.6136611700057983 -0.009412867948412895 0.456886351108551 0.5502619743347168 -0.019722923636436462 0.4300559461116791 0.5115276575088501 -0.03121570497751236 0.407632052898407 0.4868883192539215 -0.040002647787332535
0.5962076783180237 0.7931128740310669 6.6237486606723905e-09 0.6453326344490051 0.7062845230102539 0.008322924375534058 0.6473371386528015 0.5987787246704102 0.016694454476237297 0.634787917137146 0.5149850845336914 0.020084502175450325 0.6342931985855103 0.445448637008667 0.022328635677695274 0.5598816871643066 0.5436146259307861 0.04290587082505226 0.5151175856590271 0.4601123034954071 0.048561956733465195 0.481148362159729 0.40634381771087646 0.04919489473104477 0.4521753787994385 0.36300402879714966 0.04881981015205383 0.5167475342750549 0.5679124593734741 0.034788139164447784 0.4670882225036621 0.4736921191215515 0.042153261601924896 0.43075990676879883 0.41047942638397217 0.03856424242258072 0.39745432138442993 0.3580264747142792 0.035650186240673065 0.48299628496170044 0.5978820323944092 0.024055391550064087 0.43873080611228943 0.5067160725593567 0.02702108770608902 0.4041782021522522 0.44827255606651306 0.024377979338169098 0.3728559613227844 0.4019186496734619 0.02287886291742325 0.45822596549987793 0.634020984172821 0.01182244811207056 0.42209190130233765 0.5552031397819519 0.01135005708783865 0.3987005352973938 0.5093165040016174 0.010913223959505558 0.37808001041412354 0.4735308587551117 0.011153402738273144
0.6343481540679932 0.811551570892334 6.919275818972892e-09 0.6846890449523926 0.7168874740600586 -0.016392333433032036 0.685599684715271 0.5982325673103333 -0.021115003153681755 0.6761180758476257 0.511522650718689 -0.02496149204671383 0.678259015083313 0.44594061374664307 -0.03102392517030239 0.5895037055015564 0.5461673140525818 -0.003655044361948967 0.5415851473808289 0.45698827505111694 -0.006868976633995771 0.5055059194564819 0.400662362575531 -0.012568743899464607 0.4758404791355133 0.36131298542022705 -0.017451172694563866 0.5506536364555359 0.5830636024475098 -0.0011510507902130485 0.5035200715065002 0.48689448833465576 -0.0020906312856823206 0.4652990698814392 0.4203509986400604 -0.013974414207041264 0.4324020743370056 0.37067872285842896 -0.024506600573658943 0.520576536655426 0.6262013912200928 -0.00035618466790765524 0.4740234911441803 0.5325807332992554 -0.0049373493529856205 0.43800777196884155 0.46419471502304077 -0.02075083553791046 0.4107573330402374 0.41660046577453613 -0.03262767195701599 0.49711257219314575 0.6749462485313416 -0.0021409241016954184 0.4569742679595947 0.6017944812774658 -0.010191710665822029 0.4306250810623169 0.5515129566192627 -0.021029731258749962 0.41252076625823975 0.5138335824012756 -0.029660146683454514
0.6569706797599792 0.7725539207458496 8.637066617467326e-10 0.7151691317558289 0.6828340888023376 0.003648859914392233 0.724452018737793 0.5739747285842896 0.01548033393919468 0.7143596410751343 0.49387529492378235 0.01989614963531494 0.7202143669128418 0.43670299649238586 0.02318825200200081 0.6246227622032166 0.49449190497398376 0.06310892105102539 0.5940568447113037 0.40888798236846924 0.06999289244413376 0.5690470337867737 0.35537517070770264 0.0661134347319603 0.547522783279419 0.3098224997520447 0.062116239219903946 0.5814304947853088 0.5106984972953796 0.05336536839604378 0.5503310561180115 0.4228709936141968 0.0630728006362915 0.5267283320426941 0.36789995431900024 0.051702529191970825 0.5060355067253113 0.32042196393013 0.04295322299003601 0.5462490320205688 0.5362869501113892 0.0381922647356987 0.5172567367553711 0.4501728415489197 0.039586059749126434 0.49611833691596985 0.399408221244812 0.026797683909535408 0.4807184934616089 0.35907089710235596 0.018654854968190193 0.5169743895530701 0.5732812285423279 0.019995516166090965 0.4904330372810364 0.5002322196960449 0.017382098361849785 0.4755236506462097 0.4524137079715729 0.009992207400500774 0.4649301767349243 0.4149327576160431 0.005371319130063057
0.6734172105789185 0.7823460102081299 5.093752086793302e-09 0.732441246509552 0.6919056177139282 0.0036836345680058002 0.7499500513076782 0.5773961544036865 0.008659741841256618 0.7489675283432007 0.4936676621437073 0.008001124486327171 0.7621616125106812 0.4438400864601135 0.005052524618804455 0.6724300384521484 0.5084678530693054 0.020493557676672935 0.6491305828094482 0.40106433629989624 0.013810612261295319 0.6316184997558594 0.3350610136985779 0.007264694198966026 0.615218997001648 0.2810463011264801 0.0009469898650422692 0.6247090697288513 0.5226325392723083 0.004589536227285862 0.5992965698242188 0.4016284942626953 -0.0020312960259616375 0.583091676235199 0.3225770592689514 -0.016740087419748306 0.569438636302948 0.2570663094520569 -0.0289768036454916 0.5837288498878479 0.5544897317886353 -0.013750969432294369 0.5553167462348938 0.44477421045303345 -0.02684190683066845 0.5387160181999207 0.3693738877773285 -0.04616495221853256 0.5286905765533447 0.304121196269989 -0.05905226990580559 0.5489848852157593 0.601413905620575 -0.032980307936668396 0.5222088694572449 0.5142976641654968 -0.04870177432894707 0.5122985243797302 0.45395058393478394 -0.062455613166093826 0.5086566209793091 0.4000663161277771 -0.07197342067956924
0.6547905206680298 0.7940030097961426 8.56425508288794e-09 0.7112048864364624 0.7024112939834595 0.008000507950782776 0.7225360870361328 0.5853778123855591 0.020932858809828758 0.7204310297966003 0.5032380223274231 0.024385986849665642 0.7423512935638428 0.4551478922367096 0.025942297652363777 0.627879798412323 0.4954970180988312 0.07057227194309235 0.6034592986106873 0.40753936767578125 0.07461119443178177 0.5860386490821838 0.3484655022621155 0.06782940030097961 0.5722745656967163 0.2986065447330475 0.0618903785943985 0.5841439366340637 0.5091742873191833 0.05508444085717201 0.557454526424408 0.41604819893836975 0.06200021132826805 0.5397064089775085 0.35902515053749084 0.04794282466173172 0.5261375904083252 0.30917394161224365 0.03724709525704384 0.548436164855957 0.534613847732544 0.033377379179000854 0.5228011608123779 0.44650769233703613 0.03399781882762909 0.5052421689033508 0.3951513171195984 0.020383531227707863 0.4941542148590088 0.3517146706581116 0.0111025869846344 0.5181451439857483 0.5728250741958618 0.008387980051338673 0.4924115538597107 0.4945516586303711 0.005220940336585045 0.4787405729293823 0.446194589138031 -0.0023277737200260162 0.47104158997535706 0.4064807891845703 -0.007656471338123083
0.6170676350593567 0.840503454208374 1.0298903063699072e-08 0.6545605063438416 0.7368701100349426 -0.0012875933898612857 0.6640079617500305 0.605621337890625 -0.009786738082766533 0.6684964895248413 0.5168108940124512 -0.02242579497396946 0.6694378852844238 0.4510348439216614 -0.03907868266105652 0.5991012454032898 0.550349771976471 -0.013072171248495579 0.5548463463783264 0.4359934329986572 -0.029265549033880234 0.5095360279083252 0.3890855312347412 -0.042759787291288376 0.47027459740638733 0.3612760603427887 -0.053307730704545975 0.5722532272338867 0.5863402485847473 -0.027869131416082382 0.5235234498977661 0.4756799042224884 -0.04613683745265007 0.47629278898239136 0.4315013885498047 -0.06666891276836395 0.43662047386169434 0.4108458161354065 -0.08268027752637863 0.5564990043640137 0.6304972767829895 -0.04220123589038849 0.5106499791145325 0.5333583950996399 -0.06007644161581993 0.4672957956790924 0.48624950647354126 -0.08133602142333984 0.4308306574821472 0.45742613077163696 -0.09701212495565414 0.5500402450561523 0.6804445385932922 -0.057479023933410645 0.512641191482544 0.6130512952804565 -0.07290695607662201 0.4893663227558136 0.5749306082725525 -0.08632271736860275 0.4708769917488098 0.5520988702774048 -0.0975864976644516
0.6101649403572083 0.8385075330734253 1.353488698896399e-08 0.6613445281982422 0.721444845199585 0.052927423268556595 0.6625751852989197 0.5972837805747986 0.08570969849824905 0.6484013199806213 0.5102401971817017 0.10461417585611343 0.6497206091880798 0.44511133432388306 0.12289289385080338 0.5726370215415955 0.5292534232139587 0.10710122436285019 0.5217681527137756 0.4396267533302307 0.13047821819782257 0.48475009202957153 0.3923181891441345 0.14258885383605957 0.45441100001335144 0.3517037034034729 0.14892609417438507 0.5274920463562012 0.5603468418121338 0.07943674921989441 0.4645991921424866 0.4639664590358734 0.10133732110261917 0.4226454198360443 0.4063035845756531 0.10617680847644806 0.38673776388168335 0.3615676760673523 0.1091233342885971 0.4932596981525421 0.6049258708953857 0.05047466978430748 0.43018585443496704 0.5179105997085571 0.06143142655491829 0.3876035213470459 0.47463783621788025 0.06465677171945572 0.3529854416847229 0.4402085840702057 0.06859833747148514 0.4698657989501953 0.6584595441818237 0.023363526910543442 0.41997426748275757 0.5920019745826721 0.02950366586446762 0.3870745599269867 0.5575494766235352 0.0348244234919548 0.35904473066329956 0.5304670929908752 0.04051465541124344
0.6398219466209412 0.8529612421989441 1.2601399923539702e-08 0.6901414394378662 0.7396664619445801 -0.00905575044453144 0.6961384415626526 0.6100711226463318 -0.018251456320285797 0.6815971732139587 0.5160542726516724 -0.028017595410346985 0.6784034967422485 0.4447881877422333 -0.03939666226506233 0.599736750125885 0.564612627029419 -0.01650514267385006 0.5476970672607422 0.4665965437889099 -0.026943618431687355 0.506823718547821 0.4110803008079529 -0.03435457497835159 0.4681675434112549 0.3763410449028015 -0.04095153510570526 0.548631489276886 0.6094939708709717 -0.022989662364125252 0.4982035160064697 0.5110389590263367 -0.033254049718379974 0.457674503326416 0.456584095954895 -0.042268089950084686 0.4206758439540863 0.41757094860076904 -0.05056452378630638 0.5093355178833008 0.6637824773788452 -0.029488444328308105 0.4553369879722595 0.5820817351341248 -0.04143853485584259 0.4278172254562378 0.5583624243736267 -0.04276701807975769 0.4065491557121277 0.5450172424316406 -0.043667521327733994 0.47483113408088684 0.7252508997917175 -0.038240138441324234 0.4291346073150635 0.6571642160415649 -0.04963834956288338 0.40979593992233276 0.6457204222679138 -0.04993268847465515 0.39772292971611023 0.6458892226219177 -0.049601636826992035
0.6558883190155029 0.8042440414428711 9.217679397544032e-11 0.7193831205368042 0.7062882781028748 0.010752233676612377 0.7292836904525757 0.5909462571144104 0.025926532223820686 0.719357430934906 0.5055481791496277 0.03151213750243187 0.726878821849823 0.4399743676185608 0.03606514632701874 0.6256234049797058 0.5005157589912415 0.08088161051273346 0.589360773563385 0.41138964891433716 0.09331211447715759 0.5610023736953735 0.3576028048992157 0.09293411672115326 0.5370194315910339 0.3118027150630951 0.09089844673871994 0.5804709196090698 0.5196375846862793 0.06710588932037354 0.5429722666740417 0.429299920797348 0.08291004598140717 0.5151396989822388 0.3745950162410736 0.07527149468660355 0.49162641167640686 0.32845184206962585 0.06898520141839981 0.5433685779571533 0.5508390069007874 0.047291677445173264 0.510101318359375 0.4625295400619507 0.05286914110183716 0.48499783873558044 0.4103811979293823 0.04297589510679245 0.4658592641353607 0.3680053651332855 0.03660079091787338 0.5120921730995178 0.5953367352485657 0.024473486468195915 0.48275992274284363 0.5222930908203125 0.024631865322589874 0.46639639139175415 0.4765297770500183 0.019647449254989624 0.453586220741272 0.44019240140914917 0.016912149265408516
0.6726706027984619 0.8002726435661316 3.906491130578615e-09 0.730072557926178 0.7088322043418884 -0.0022378882858902216 0.743568480014801 0.5922610759735107 -0.001916113425977528 0.7404623627662659 0.5039609670639038 -0.005872069392353296 0.7570555806159973 0.44822442531585693 -0.012194400653243065 0.6693158149719238 0.5159275531768799 0.007145224139094353 0.6478379964828491 0.4059254825115204 -0.002560226945206523 0.6307685375213623 0.3397936224937439 -0.009883576072752476 0.6144028902053833 0.2868824303150177 -0.016607772558927536 0.6202318072319031 0.5312129259109497 -0.007506783585995436 0.5954425930976868 0.4081055223941803 -0.016161266714334488 0.5791430473327637 0.33032575249671936 -0.031107326969504356 0.564977765083313 0.265452116727829 -0.043852660804986954 0.5804188847541809 0.5647395253181458 -0.024501970037817955 0.5524454116821289 0.45366182923316956 -0.039084065705537796 0.5343466401100159 0.37667083740234375 -0.05904829874634743 0.5217006802558899 0.3074703812599182 -0.07294704765081406 0.5491442084312439 0.6135292053222656 -0.04259798303246498 0.5207803845405579 0.5277613997459412 -0.05948043242096901 0.507671594619751 0.46824347972869873 -0.07376948744058609 0.49997204542160034 0.411324143409729 -0.08403913676738739
0.6614055037498474 0.8095624446868896 8.500351533768935e-09 0.7157760858535767 0.7133662700653076 0.021867448464035988 0.7224694490432739 0.5983651876449585 0.04091167822480202 0.7171593308448792 0.5194249749183655 0.047733984887599945 0.7382122874259949 0.46984970569610596 0.05242167040705681 0.6257054805755615 0.5140196681022644 0.08434731513261795 0.5976603031158447 0.426949143409729 0.09027202427387238 0.5815640687942505 0.3700137436389923 0.08554419875144958 0.5683580636978149 0.3206799626350403 0.08077730983495712 0.5838515162467957 0.5273609161376953 0.06091006472706795 0.5511274337768555 0.43325307965278625 0.0692802220582962 0.5342562198638916 0.3731518089771271 0.057076409459114075 0.5218681693077087 0.32074666023254395 0.04729367420077324 0.5487533807754517 0.5537436604499817 0.03183826804161072 0.5178773403167725 0.46389079093933105 0.0321439765393734 0.5018046498298645 0.4047297537326813 0.019506754353642464 0.492723286151886 0.35099178552627563 0.010771929286420345 0.5190746188163757 0.5944838523864746 0.0007667632307857275 0.48954224586486816 0.5183020234107971 -0.003368810284882784 0.47775745391845703 0.46308237314224243 -0.010183646343648434 0.47250866889953613 0.41228824853897095 -0.015066404826939106
0.619879424571991 0.8402538299560547 7.78997311101648e-09 0.6746252179145813 0.7405605912208557 -0.0009015700779855251 0.6857806444168091 0.6235869526863098 0.0010212609777227044 0.6814302802085876 0.5316382646560669 -0.00010786997154355049 0.6857250928878784 0.46482911705970764 -0.003360678208991885 0.6152795553207397 0.5621327757835388 0.014559329487383366 0.5722584128379822 0.453802227973938 0.015837378799915314 0.5371303558349609 0.3933500647544861 0.013782065361738205 0.5059813857078552 0.34748148918151855 0.010488571599125862 0.571618914604187 0.5902608633041382 0.007973188534379005 0.5295275449752808 0.4817148447036743 0.009714575484395027 0.4953342080116272 0.41550999879837036 0.0013005727669224143 0.46778514981269836 0.37005284428596497 -0.00678052194416523 0.5346475839614868 0.6303277015686035 0.0006689326837658882 0.4973200857639313 0.5309478640556335 -0.0038478844799101353 0.46695396304130554 0.4667695462703705 -0.015543586574494839 0.44438090920448303 0.4197121560573578 -0.02402457222342491 0.5043701529502869 0.6796413064002991 -0.00814157072454691 0.4695115089416504 0.6067209839820862 -0.01615295559167862 0.455674409866333 0.5553982257843018 -0.023414330556988716 0.4481467008590698 0.5149002075195312 -0.028805984184145927
0.591268002986908 0.8407071828842163 5.8037241679187446e-09 0.6398745179176331 0.7424690127372742 -0.004351130686700344 0.6538669466972351 0.6162461042404175 -0.008721106685698032 0.6458791494369507 0.5196470022201538 -0.016638919711112976 0.648297905921936 0.44405633211135864 -0.027092553675174713 0.5879155397415161 0.5494406223297119 0.004501026123762131 0.5452477335929871 0.4566654562950134 -0.004217092413455248 0.5054793953895569 0.4040643870830536 -0.013293296098709106 0.4691767692565918 0.3653215169906616 -0.02127864770591259 0.5427014231681824 0.5806099772453308 -0.005583951715379953 0.48622018098831177 0.48482704162597656 -0.0149066848680377 0.4434509873390198 0.42511603236198425 -0.03050513193011284 0.40469080209732056 0.37742578983306885 -0.043452851474285126 0.506649911403656 0.6228464841842651 -0.016989970579743385 0.45156019926071167 0.5378602147102356 -0.03015473484992981 0.4086790084838867 0.4860749840736389 -0.044634558260440826 0.37034857273101807 0.4437650442123413 -0.05488207936286926 0.4780678153038025 0.675380289554596 -0.029864495620131493 0.43322914838790894 0.6043846011161804 -0.04354854300618172 0.4061245024204254 0.5646929740905762 -0.052134059369564056 0.3797333538532257 0.5319209098815918 -0.058332961052656174
0.6253225207328796 0.8472307920455933 1.0174961317943598e-08 0.6651860475540161 0.7295531034469604 0.013049973174929619 0.6647542715072632 0.6046276092529297 0.023504385724663734 0.6542643904685974 0.5118058323860168 0.029085587710142136 0.6564100980758667 0.4360922574996948 0.032748159021139145 0.5924507975578308 0.5699551105499268 0.046213891357183456 0.5454478859901428 0.4785051941871643 0.06218963488936424 0.5108926296234131 0.4223257303237915 0.07019251585006714 0.48205605149269104 0.37981534004211426 0.07379955798387527 0.5456181168556213 0.6115090250968933 0.03973958268761635 0.4926237463951111 0.515394926071167 0.05902291461825371 0.4519743323326111 0.44494980573654175 0.06330670416355133 0.41700977087020874 0.3921394944190979 0.06375261396169662 0.5095844268798828 0.6581012010574341 0.03230135515332222 0.4605289697647095 0.5681287050247192 0.046886276453733444 0.4237815737724304 0.5031157732009888 0.051359761506319046 0.3945361375808716 0.4555826783180237 0.0522104911506176 0.4808531105518341 0.7064723968505859 0.023484326899051666 0.43949198722839355 0.6343586444854736 0.03193945065140724 0.4142839312553406 0.59410160779953 0.0369364470243454 0.39631879329681396 0.5645923018455505 0.039918653666973114
0.6463083624839783 0.8024741411209106 2.03587324776322e-09 0.6944838762283325 0.6997119188308716 -0.009624225087463856 0.6977415680885315 0.5798695683479309 -0.008289378136396408 0.682269811630249 0.49314746260643005 -0.011095037683844566 0.6857800483703613 0.4303550124168396 -0.015373255126178265 0.6070412397384644 0.5256201028823853 0.029267989099025726 0.5712870359420776 0.43843597173690796 0.02716471627354622 0.5426717400550842 0.3840909004211426 0.02010706439614296 0.5204136371612549 0.3407862186431885 0.014496635645627975 0.5645592212677002 0.5505163669586182 0.0240032896399498 0.5276941657066345 0.4617339074611664 0.02556297555565834 0.5001689791679382 0.40406572818756104 0.012894395738840103 0.47746872901916504 0.3544873595237732 0.0026056698989123106 0.5312652587890625 0.5831003785133362 0.013939771801233292 0.49735206365585327 0.49690961837768555 0.010646987706422806 0.47155705094337463 0.4432183504104614 -0.0019831035751849413 0.4538646936416626 0.40153709053993225 -0.011087699793279171 0.5050653219223022 0.6249677538871765 0.0001659637491684407 0.47465136647224426 0.5534716844558716 -0.0055792988277971745 0.4549260437488556 0.5054032206535339 -0.013715664856135845 0.4408884644508362 0.46742093563079834 -0.019624987617135048
0.6701378226280212 0.792504072189331 1.4929991687395727e-09 0.7270035147666931 0.7001908421516418 -0.014219322241842747 0.7365636825561523 0.5791590213775635 -0.014539713971316814 0.725352942943573 0.49095240235328674 -0.017794029787182808 0.734725296497345 0.4310927391052246 -0.022789301350712776 0.65988689661026 0.5091712474822998 0.015119347721338272 0.630469560623169 0.4073338806629181 0.00819081999361515 0.6071893572807312 0.3464231789112091 0.0003760943654924631 0.5868854522705078 0.2980765700340271 -0.005896410439163446 0.6128265261650085 0.527619481086731 0.009323587641119957 0.5813485980033875 0.4201844334602356 0.004849985707551241 0.5599119067192078 0.3536757230758667 -0.009739045985043049 0.5438764095306396 0.29793426394462585 -0.02131711319088936 0.5737791657447815 0.5584796667098999 -0.0011296749580651522 0.5421197414398193 0.46024560928344727 -0.012607445009052753 0.5212659239768982 0.39583778381347656 -0.03145778179168701 0.5091316103935242 0.3420601785182953 -0.043787598609924316 0.5421913266181946 0.6015447974205017 -0.014675545506179333 0.5134264230728149 0.5229061841964722 -0.02792632021009922 0.4986591339111328 0.46910566091537476 -0.041032128036022186 0.49128657579421997 0.422809898853302 -0.05003400892019272
0.6597782969474792 0.8093529343605042 5.31124522140658e-09 0.7182403206825256 0.717390775680542 -0.008904720656573772 0.734230637550354 0.5993495583534241 -0.007035010028630495 0.7277125120162964 0.5091849565505981 -0.008891880512237549 0.7342848777770996 0.44614681601524353 -0.012419364415109158 0.6497759222984314 0.5271995067596436 0.021614758297801018 0.6288835406303406 0.42560380697250366 0.013860693201422691 0.6149054169654846 0.36180561780929565 0.004703175276517868 0.6020222902297974 0.30913782119750977 -0.002380991820245981 0.6028925180435181 0.5393235683441162 0.01373432856053114 0.579583466053009 0.42779481410980225 0.007067753467708826 0.5678943395614624 0.3543248176574707 -0.009576483629643917 0.558617889881134 0.29299530386924744 -0.02243484929203987 0.5650570392608643 0.5665686130523682 0.0015817247331142426 0.5392453670501709 0.46584033966064453 -0.010361846536397934 0.525142252445221 0.39776864647865295 -0.028450267389416695 0.516772985458374 0.3405974507331848 -0.04026790335774422 0.5352950096130371 0.6067371368408203 -0.013244692236185074 0.5107064843177795 0.5267918109893799 -0.025917984545230865 0.5012772679328918 0.469425767660141 -0.0380714125931263 0.49718159437179565 0.4191564619541168 -0.046480510383844376
0.6303910613059998 0.8143272995948792 1.0636632907790045e-08 0.6789032220840454 0.7119702100753784 0.008458252064883709 0.6898620128631592 0.5937273502349854 0.021726835519075394 0.6885895133018494 0.5102757215499878 0.02770562656223774 0.6888563632965088 0.4595991373062134 0.03229435533285141 0.6103771924972534 0.5297293066978455 0.06520554423332214 0.5776380300521851 0.4406529664993286 0.07508552819490433 0.5508531332015991 0.3859570622444153 0.07299154996871948 0.5283433198928833 0.344976544380188 0.0704183429479599 0.5707629323005676 0.5531312227249146 0.056171879172325134 0.5394980907440186 0.4625881314277649 0.0699988603591919 0.5123521685600281 0.4032416343688965 0.06112086772918701 0.48822057247161865 0.3591517210006714 0.053070761263370514 0.539243757724762 0.5847781300544739 0.042853690683841705 0.5112629532814026 0.49624890089035034 0.05210641026496887 0.4879564046859741 0.44060736894607544 0.04388109967112541 0.4691413938999176 0.40089261531829834 0.03654187172651291 0.5155823230743408 0.6236488819122314 0.026468180119991302 0.4893331527709961 0.5497642755508423 0.03164251893758774 0.4733911156654358 0.4999358654022217 0.028728162869811058 0.4611939489841461 0.4619041383266449 0.025596819818019867
0.5809391736984253 0.8699284791946411 7.36423677594189e-09 0.6288673281669617 0.7692227363586426 -0.005827920511364937 0.6431546211242676 0.6416870951652527 -0.006354126147925854 0.6388245224952698 0.5445737242698669 -0.009627090767025948 0.6377936005592346 0.4629057049751282 -0.015399410389363766 0.6011753678321838 0.577537477016449 0.018892765045166016 0.5654737949371338 0.4771691560745239 0.020894620567560196 0.5298595428466797 0.41991961002349854 0.01644844561815262 0.4990181028842926 0.37573152780532837 0.011381197720766068 0.5587524771690369 0.6077876091003418 0.01563110575079918 0.5179603099822998 0.5075554251670837 0.020690830424427986 0.47956398129463196 0.443682998418808 0.008874958381056786 0.44617924094200134 0.39585670828819275 -0.003049933584406972 0.5240681767463684 0.6450085639953613 0.010723285377025604 0.485572874546051 0.5446532368659973 0.009242708794772625 0.44904226064682007 0.48446881771087646 -0.004872163757681847 0.41961470246315 0.4379243850708008 -0.01713191345334053 0.4964231252670288 0.688724160194397 0.003960502799600363 0.4559791088104248 0.6106873750686646 -0.002521102549508214 0.4339749813079834 0.5639224052429199 -0.010573625564575195 0.41899746656417847 0.5263962149620056 -0.017849843949079514
0.6077529191970825 0.8607540130615234 8.237388549048319e-09 0.6512427926063538 0.7520637512207031 -0.008634204976260662 0.6509730219841003 0.6267493367195129 -0.005401116795837879 0.6360906362533569 0.5268698930740356 -0.0045312815345823765 0.6352683901786804 0.4440319538116455 -0.004135793540626764 0.583479642868042 0.5637249946594238 0.04391692951321602 0.5433230996131897 0.4763266444206238 0.057837337255477905 0.5118235945701599 0.42355436086654663 0.06164773553609848 0.48541998863220215 0.3827112317085266 0.06211170554161072 0.5311617851257324 0.5973528027534485 0.04507246986031532 0.47831761837005615 0.5035208463668823 0.06200074031949043 0.44010698795318604 0.43879371881484985 0.058124739676713943 0.4086441993713379 0.3915414810180664 0.05251724272966385 0.4915613830089569 0.6416342258453369 0.0421270877122879 0.4403594136238098 0.5548446178436279 0.05194738507270813 0.40908581018447876 0.4997786283493042 0.04478249326348305 0.3845182955265045 0.4622823894023895 0.03823954984545708 0.46269935369491577 0.6919744610786438 0.03627531975507736 0.42120271921157837 0.6261869072914124 0.04013365879654884 0.3977663516998291 0.5883554816246033 0.036705732345581055 0.37844839692115784 0.5609846115112305 0.03356211259961128
0.6541523337364197 0.8501927852630615 2.1134836936109735e-11 0.5852587819099426 0.8209583163261414 -0.032374344766139984 0.5257865786552429 0.7512609362602234 -0.05333684757351875 0.49001508951187134 0.6909546852111816 -0.07449525594711304 0.46655234694480896 0.6400817036628723 -0.09823352843523026 0.5513038039207458 0.610877275466919 -0.037076935172080994 0.5102015137672424 0.510762095451355 -0.06428463011980057 0.4785695970058441 0.44948023557662964 -0.08598417043685913 0.4524472653865814 0.3992864191532135 -0.10229547321796417 0.5848113894462585 0.5928865671157837 -0.042819030582904816 0.5402195453643799 0.48504438996315 -0.06931400299072266 0.5062869787216187 0.4211786985397339 -0.09541065245866776 0.47755974531173706 0.36318284273147583 -0.1168140172958374 0.6239978075027466 0.5928167104721069 -0.0522381030023098 0.5902742147445679 0.4910620152950287 -0.0803249329328537 0.5608583092689514 0.42791441082954407 -0.10907946527004242 0.5336204767227173 0.374231219291687 -0.1301533430814743 0.6708659529685974 0.6075373888015747 -0.0656702071428299 0.6617406010627747 0.5269432067871094 -0.09197144210338593 0.653505802154541 0.4754742980003357 -0.11341413855552673 0.6429964303970337 0.43149298429489136 -0.1304449886083603
0.6978631019592285 0.780982255935669 1.6057514207190593e-09 0.7359288930892944 0.6672184467315674 0.006560003850609064 0.7369151711463928 0.5514237880706787 0.02014198713004589 0.7190642356872559 0.4693944454193115 0.02548653818666935 0.7029206156730652 0.4181879758834839 0.030722789466381073 0.6428565979003906 0.49093547463417053 0.0801742896437645 0.608252763748169 0.40852147340774536 0.09270763397216797 0.5830968618392944 0.35298827290534973 0.09115846455097198 0.5614266395568848 0.30897703766822815 0.0884084478020668 0.6004362106323242 0.5113975405693054 0.0704750195145607 0.5666065812110901 0.4287940263748169 0.08794710040092468 0.5409512519836426 0.37192225456237793 0.07921963930130005 0.5200825929641724 0.32384705543518066 0.07123887538909912 0.5655943155288696 0.5413141250610352 0.05461122468113899 0.5312472581863403 0.46007800102233887 0.06447284668684006 0.5093384385108948 0.40531158447265625 0.05611801892518997 0.49604618549346924 0.3621876537799835 0.04879484698176384 0.5364712476730347 0.5816655158996582 0.03486896678805351 0.5066313743591309 0.5139581561088562 0.03973688930273056 0.49231594800949097 0.46761417388916016 0.036614228039979935 0.48522424697875977 0.43101269006729126 0.03380893915891647
0.7060238718986511 0.7875849604606628 4.359087757421776e-09 0.7582383751869202 0.691528856754303 -0.011244621127843857 0.770707368850708 0.5761303305625916 -0.011303204111754894 0.7625089883804321 0.48704320192337036 -0.014626963064074516 0.7705881595611572 0.4258010983467102 -0.018526097759604454 0.7081859707832336 0.5022411942481995 0.018771443516016006 0.6849987506866455 0.40043553709983826 0.014286483637988567 0.6655540466308594 0.3408154845237732 0.009066657163202763 0.6471630930900574 0.29111161828041077 0.003811957547441125 0.6618908047676086 0.5165969729423523 0.010508829727768898 0.6366456747055054 0.4030989706516266 0.0070648035034537315 0.6173016428947449 0.3343753218650818 -0.0060230763629078865 0.5980626344680786 0.2731395363807678 -0.01705249771475792 0.6222615242004395 0.5487979054450989 -0.002126248786225915 0.5954042673110962 0.4462212324142456 -0.011988265439867973 0.5757148265838623 0.3821939527988434 -0.02894308976829052 0.5591240525245667 0.32258546352386475 -0.040649838745594025 0.5885332226753235 0.5975761413574219 -0.017427733168005943 0.5620854496955872 0.5145473480224609 -0.029873572289943695 0.5493912696838379 0.4617481827735901 -0.04172699898481369 0.5388739705085754 0.41152089834213257 -0.049988485872745514
0.6848450899124146 0.774700403213501 4.1591023958176265e-09 0.7358709573745728 0.6771389842033386 0.0003832202055491507 0.7482619285583496 0.5722282528877258 0.012052050791680813 0.7458484172821045 0.4905986189842224 0.016184626147150993 0.7436630725860596 0.4356193542480469 0.020324112847447395 0.6697298884391785 0.4937543272972107 0.08525968343019485 0.6479905843734741 0.4157762825489044 0.09830953180789948 0.6319103837013245 0.3666442036628723 0.09496074914932251 0.6194449663162231 0.3339941203594208 0.09104970097541809 0.6259020566940308 0.5068545341491699 0.07809607684612274 0.6042110323905945 0.423422634601593 0.0936090499162674 0.5887690186500549 0.36933666467666626 0.07778948545455933 0.5765883922576904 0.3244653344154358 0.06541098654270172 0.5879077911376953 0.5271989107131958 0.06370559334754944 0.5684210062026978 0.4471020996570587 0.07268208265304565 0.5587637424468994 0.39276477694511414 0.05715451389551163 0.5523596405982971 0.3502187728881836 0.04504178464412689 0.5556723475456238 0.5561897158622742 0.04535391554236412 0.5348249673843384 0.47752514481544495 0.04874463751912117 0.5316333770751953 0.42939823865890503 0.041731689125299454 0.5324235558509827 0.3933067321777344 0.03572316840291023
0 0 0 0 0 0 0 0 0 0 0 0 0 0 0 0 0 0 0 0 0 0 0 0 0 0 0 0 0 0 0 0 0 0 0 0 0 0 0 0 0 0 0 0 0 0 0 0 0 0 0 0 0 0 0 0 0 0 0 0 0 0 0
0 0 0 0 0 0 0 0 0 0 0 0 0 0 0 0 0 0 0 0 0 0 0 0 0 0 0 0 0 0 0 0 0 0 0 0 0 0 0 0 0 0 0 0 0 0 0 0 0 0 0 0 0 0 0 0 0 0 0 0 0 0 0
0 0 0 0 0 0 0 0 0 0 0 0 0 0 0 0 0 0 0 0 0 0 0 0 0 0 0 0 0 0 0 0 0 0 0 0 0 0 0 0 0 0 0 0 0 0 0 0 0 0 0 0 0 0 0 0 0 0 0 0 0 0 0
0 0 0 0 0 0 0 0 0 0 0 0 0 0 0 0 0 0 0 0 0 0 0 0 0 0 0 0 0 0 0 0 0 0 0 0 0 0 0 0 0 0 0 0 0 0 0 0 0 0 0 0 0 0 0 0 0 0 0 0 0 0 0
0.6794031262397766 0.7215254902839661 7.246793387594153e-09 0.7266668081283569 0.6517095565795898 -0.00229625147767365 0.7457942366600037 0.5662336945533752 -0.010569622740149498 0.7479650974273682 0.4948659837245941 -0.018319670110940933 0.7568591833114624 0.4412018358707428 -0.027509793639183044 0.6915509104728699 0.5241013169288635 -0.03402125835418701 0.664364218711853 0.4281981885433197 -0.0488390289247036 0.6448182463645935 0.36886629462242126 -0.054415080696344376 0.6275161504745483 0.32401221990585327 -0.05854346975684166 0.6449166536331177 0.5399894118309021 -0.042299941182136536 0.6144249439239502 0.4339650273323059 -0.060231272131204605 0.5954535007476807 0.3594657778739929 -0.06846737861633301 0.5799785852432251 0.30213862657546997 -0.0748303234577179 0.6061832904815674 0.5635328888893127 -0.04820447787642479 0.5758312940597534 0.4632524251937866 -0.06441999226808548 0.5620247721672058 0.3928404748439789 -0.06996800750494003 0.5542923808097839 0.33871209621429443 -0.07338538765907288 0.5750234127044678 0.5923993587493896 -0.05379072204232216 0.5468716025352478 0.5080599188804626 -0.06779754161834717 0.5375121831893921 0.45375704765319824 -0.07225348800420761 0.5359567999839783 0.4105444550514221 -0.07570038735866547
0.6901382803916931 0.7228876948356628 7.129811852024659e-09 0.726994514465332 0.649803876876831 0.010198339819908142 0.7316832542419434 0.5712227821350098 0.02029765397310257 0.7248726487159729 0.5116987824440002 0.02272711507976055 0.7278982996940613 0.46682119369506836 0.02386300265789032 0.641089916229248 0.5203030109405518 0.05531706288456917 0.6142172813415527 0.44917866587638855 0.05807415395975113 0.5975484251976013 0.40166857838630676 0.05299699306488037 0.5833896994590759 0.361125111579895 0.047836367040872574 0.607239842414856 0.5301360487937927 0.04048246145248413 0.5815796256065369 0.4549785554409027 0.04435364902019501 0.5661815404891968 0.3998531401157379 0.031678471714258194 0.5514344573020935 0.3503439426422119 0.02154512144625187 0.5775641202926636 0.5490723848342896 0.021668175235390663 0.553930938243866 0.48006966710090637 0.02093067392706871 0.5408010482788086 0.4269891381263733 0.008602938614785671 0.5310604572296143 0.37859076261520386 -0.0005651653045788407 0.5509514808654785 0.5786398649215698 0.001076221582479775 0.5268511772155762 0.5172760486602783 -0.0036124191246926785 0.5179648399353027 0.470183402299881 -0.011150235310196877 0.5139577984809875 0.428131103515625 -0.017102161422371864
0 0 0 0 0 0 0 0 0 0 0 0 0 0 0 0 0 0 0 0 0 0 0 0 0 0 0 0 0 0 0 0 0 0 0 0 0 0 0 0 0 0 0 0 0 0 0 0 0 0 0 0 0 0 0 0 0 0 0 0 0 0 0
0 0 0 0 0 0 0 0 0 0 0 0 0 0 0 0 0 0 0 0 0 0 0 0 0 0 0 0 0 0 0 0 0 0 0 0 0 0 0 0 0 0 0 0 0 0 0 0 0 0 0 0 0 0 0 0 0 0 0 0 0 0 0
0 0 0 0 0 0 0 0 0 0 0 0 0 0 0 0 0 0 0 0 0 0 0 0 0 0 0 0 0 0 0 0 0 0 0 0 0 0 0 0 0 0 0 0 0 0 0 0 0 0 0 0 0 0 0 0 0 0 0 0 0 0 0
0 0 0 0 0 0 0 0 0 0 0 0 0 0 0 0 0 0 0 0 0 0 0 0 0 0 0 0 0 0 0 0 0 0 0 0 0 0 0 0 0 0 0 0 0 0 0 0 0 0 0 0 0 0 0 0 0 0 0 0 0 0 0
0 0 0 0 0 0 0 0 0 0 0 0 0 0 0 0 0 0 0 0 0 0 0 0 0 0 0 0 0 0 0 0 0 0 0 0 0 0 0 0 0 0 0 0 0 0 0 0 0 0 0 0 0 0 0 0 0 0 0 0 0 0 0
0 0 0 0 0 0 0 0 0 0 0 0 0 0 0 0 0 0 0 0 0 0 0 0 0 0 0 0 0 0 0 0 0 0 0 0 0 0 0 0 0 0 0 0 0 0 0 0 0 0 0 0 0 0 0 0 0 0 0 0 0 0 0
0 0 0 0 0 0 0 0 0 0 0 0 0 0 0 0 0 0 0 0 0 0 0 0 0 0 0 0 0 0 0 0 0 0 0 0 0 0 0 0 0 0 0 0 0 0 0 0 0 0 0 0 0 0 0 0 0 0 0 0 0 0 0
0.242415651679039 0.8866807222366333 9.681016877038928e-09 0.24918869137763977 0.7740897536277771 0.029628882184624672 0.30302828550338745 0.6868072748184204 0.033784009516239166 0.36794766783714294 0.6594735383987427 0.036710336804389954 0.4192741811275482 0.6698530316352844 0.041388481855392456 0.3158591389656067 0.637933611869812 -0.031228220090270042 0.4171317219734192 0.5991183519363403 -0.01709996536374092 0.4426906108856201 0.6144474148750305 0.0077316975221037865 0.4440311789512634 0.6264818906784058 0.024479268118739128 0.3535069525241852 0.6976683735847473 -0.04217621311545372 0.4457831382751465 0.6493841409683228 -0.020631995052099228 0.4549875557422638 0.6610572934150696 0.012120407074689865 0.4450942575931549 0.6733792424201965 0.03113609179854393 0.3875126242637634 0.760764479637146 -0.04402380436658859 0.46117570996284485 0.7041687965393066 -0.012711660005152225 0.45784449577331543 0.7138903141021729 0.02390180714428425 0.439552366733551 0.7278808355331421 0.042285941541194916 0.41727200150489807 0.8201255798339844 -0.04410996660590172 0.4645361304283142 0.7559901475906372 -0.012872761115431786 0.4586467742919922 0.7513933181762695 0.01475053932517767 0.4441121518611908 0.757840096950531 0.030790098011493683
0.5482783913612366 0.7869948148727417 1.3042368962601358e-08 0.58997642993927 0.704288899898529 -0.003573888447135687 0.6020949482917786 0.6135258674621582 0.005708957090973854 0.6015668511390686 0.534468948841095 0.013271779753267765 0.5980017185211182 0.4643250107765198 0.021193012595176697 0.5506095886230469 0.5497254133224487 0.05767069384455681 0.5259692072868347 0.47494471073150635 0.08080970495939255 0.5004675388336182 0.43585219979286194 0.09206050634384155 0.4787828326225281 0.40637993812561035 0.09888642281293869 0.5103951096534729 0.573314368724823 0.0635697990655899 0.48010551929473877 0.4979667067527771 0.09330985695123672 0.4537288546562195 0.45360296964645386 0.1007031723856926 0.43187645077705383 0.4215271472930908 0.10358114540576935 0.47821280360221863 0.6051527857780457 0.0659332424402237 0.45001089572906494 0.5267221927642822 0.08904678374528885 0.42573994398117065 0.48454976081848145 0.09385939687490463 0.4061175584793091 0.4556899070739746 0.09461788088083267 0.4519340693950653 0.6409362554550171 0.0650685727596283 0.42400312423706055 0.5765280723571777 0.08065884560346603 0.40597599744796753 0.5426356196403503 0.08657823503017426 0.39148983359336853 0.5200966596603394 0.0902344360947609
0.6244498491287231 0.757591962814331 4.7864388008633796e-09 0.6570447683334351 0.6706597805023193 -0.00148061104118824 0.6527244448661804 0.5756562948226929 0.006189035717397928 0.6367315649986267 0.5097125172615051 0.008037480525672436 0.6348705887794495 0.4662759006023407 0.009105218574404716 0.5720630884170532 0.5218712687492371 0.05538586527109146 0.5430985689163208 0.45692864060401917 0.0617184191942215 0.5266591310501099 0.4139590859413147 0.05882098525762558 0.5148354768753052 0.379081666469574 0.05529428645968437 0.5376839637756348 0.5410962104797363 0.048022519797086716 0.5065248012542725 0.4796605110168457 0.059310317039489746 0.4873408079147339 0.4325959086418152 0.050310760736465454 0.47095513343811035 0.38924354314804077 0.04180455952882767 0.5101250410079956 0.5714260935783386 0.03487429767847061 0.47881922125816345 0.5107091665267944 0.039518460631370544 0.4573327600955963 0.4705238938331604 0.03030267171561718 0.441328227519989 0.43445706367492676 0.022373182699084282 0.48695358633995056 0.6130402684211731 0.01819262094795704 0.45393621921539307 0.5584762096405029 0.01768432930111885 0.43754738569259644 0.5251220464706421 0.012873942963778973 0.4265058636665344 0.4974820911884308 0.008915765210986137
0.6464284658432007 0.7763403058052063 3.4042200169892567e-09 0.6937061548233032 0.6925140023231506 -0.01842978410422802 0.7089930176734924 0.5907700657844543 -0.02476806752383709 0.6989997029304504 0.5119834542274475 -0.03279383108019829 0.689983606338501 0.45697110891342163 -0.0417192243039608 0.6358487606048584 0.5230064392089844 0.0071260747499763966 0.6072219610214233 0.4419274926185608 0.00020724532078020275 0.5836830735206604 0.39595961570739746 -0.007366074249148369 0.5623705983161926 0.3610854148864746 -0.013193200342357159 0.5979882478713989 0.539160966873169 0.004160000942647457 0.5675791501998901 0.4536915719509125 -0.001134437508881092 0.5439651012420654 0.4067525267601013 -0.01424107514321804 0.5211214423179626 0.37035518884658813 -0.02413455955684185 0.5653355121612549 0.5688167214393616 -0.0029912672471255064 0.5360139012336731 0.4889850318431854 -0.01365693286061287 0.5135791301727295 0.4411495327949524 -0.029967686161398888 0.49428290128707886 0.4050125479698181 -0.04064527526497841 0.5353886485099792 0.6120216846466064 -0.013347935862839222 0.509734570980072 0.5486173033714294 -0.02432169020175934 0.49588876962661743 0.5073657035827637 -0.03537489101290703 0.4840385615825653 0.474276065826416 -0.04302966594696045
0.6569393277168274 0.7969220280647278 4.8033839128436284e-09 0.7073498368263245 0.7128650546073914 -0.008214631117880344 0.7179648876190186 0.60648512840271 -0.0060548335313797 0.7059540748596191 0.5254498720169067 -0.008077834732830524 0.7018308639526367 0.4693697690963745 -0.011658893898129463 0.6434523463249207 0.5369629859924316 0.029653053730726242 0.6201045513153076 0.4540766477584839 0.025228364393115044 0.6014944314956665 0.4038565158843994 0.017281560227274895 0.5861110091209412 0.3635335862636566 0.010819349437952042 0.6004360318183899 0.5490986108779907 0.02168501727283001 0.5718573331832886 0.4597845673561096 0.01915029250085354 0.553712785243988 0.4008156955242157 0.00267957360483706 0.5384802222251892 0.3495420813560486 -0.010297367349267006 0.5650612711906433 0.5760717391967773 0.008900937624275684 0.5375893712043762 0.49227073788642883 0.0004471044521778822 0.5210444331169128 0.43516650795936584 -0.01833237335085869 0.5096498727798462 0.38729506731033325 -0.03141225129365921 0.5355395078659058 0.6169829964637756 -0.006534927990287542 0.5103976726531982 0.5479249358177185 -0.016550851985812187 0.5002663135528564 0.5015963315963745 -0.028568048030138016 0.49467647075653076 0.4622699022293091 -0.03750837221741676
0.6331100463867188 0.8136116862297058 9.066568829041444e-09 0.6732451915740967 0.7138862609863281 0.006929888390004635 0.6758133172988892 0.6024836897850037 0.018500644713640213 0.6656352877616882 0.5281931757926941 0.02339082956314087 0.6613969206809998 0.48260679841041565 0.026860086247324944 0.5983110070228577 0.542718768119812 0.05435289070010185 0.5673466324806213 0.467109352350235 0.05821413919329643 0.5443515181541443 0.41954195499420166 0.05392301455140114 0.5252410173416138 0.3797755837440491 0.04983380064368248 0.563931941986084 0.5651955604553223 0.04341917484998703 0.5327910780906677 0.48885834217071533 0.05000504106283188 0.5094655752182007 0.4351087808609009 0.03954469412565231 0.48757389187812805 0.38830018043518066 0.030489012598991394 0.5360037088394165 0.599179208278656 0.02811245247721672 0.5069882869720459 0.5265729427337646 0.02826029248535633 0.4856474995613098 0.4778967499732971 0.0176850575953722 0.4672102928161621 0.43515563011169434 0.009813136421144009 0.5133535265922546 0.6443421840667725 0.010417870245873928 0.4857431650161743 0.5848491191864014 0.007663035299628973 0.4704703986644745 0.5432416796684265 0.0021484310273081064 0.45770907402038574 0.5071958899497986 -0.0021061839070171118
0.5791500806808472 0.9009008407592773 1.1274885913792332e-08 0.5248618125915527 0.8609225749969482 -0.015388807281851768 0.49751633405685425 0.7732725143432617 -0.022179918363690376 0.5012935996055603 0.7021746635437012 -0.029669247567653656 0.5059970021247864 0.6456121802330017 -0.038430243730545044 0.5618710517883301 0.6495558023452759 -0.0021837586537003517 0.5189492702484131 0.5592537522315979 -0.011072906665503979 0.4739910066127777 0.5103043913841248 -0.02388937771320343 0.4385906457901001 0.4758264422416687 -0.03357798978686333 0.5834591388702393 0.6343222856521606 -0.003363517578691244 0.5299801230430603 0.541324257850647 -0.011740896850824356 0.4781339466571808 0.48698747158050537 -0.031161142513155937 0.43479591608047485 0.4459337592124939 -0.047405846416950226 0.5993876457214355 0.6284812688827515 -0.006509207189083099 0.550123929977417 0.5313574075698853 -0.01596049964427948 0.4999519884586334 0.48044726252555847 -0.03428041562438011 0.4573231339454651 0.44664132595062256 -0.048814233392477036 0.6157962083816528 0.6300562620162964 -0.012377277947962284 0.5775669813156128 0.5474640130996704 -0.021834099665284157 0.5461813807487488 0.5015950202941895 -0.03323102742433548 0.5167624950408936 0.4689479470252991 -0.04394308850169182
0.5927735567092896 0.9011635780334473 1.114581316130625e-08 0.5873039960861206 0.8165882229804993 -0.033104319125413895 0.584769606590271 0.6878792643547058 -0.04189172759652138 0.5887144804000854 0.5833027362823486 -0.04201303794980049 0.5897201895713806 0.5025152564048767 -0.042904697358608246 0.5931074619293213 0.6364717483520508 -0.037994153797626495 0.5364149212837219 0.5273662805557251 -0.040337178856134415 0.4940427839756012 0.4674135744571686 -0.041300754994153976 0.4580380320549011 0.42236578464508057 -0.04194290563464165 0.5676494240760803 0.6578806638717651 -0.018498588353395462 0.4985133707523346 0.5516709685325623 -0.01980292610824108 0.45145899057388306 0.49053966999053955 -0.023396557196974754 0.41274720430374146 0.44742584228515625 -0.027572479099035263 0.5432079434394836 0.688999354839325 0.0011076414957642555 0.4832995533943176 0.5877829790115356 -0.003071689512580633 0.4393657445907593 0.5271143317222595 -0.012821276672184467 0.40282973647117615 0.4861103296279907 -0.0198264941573143 0.5199471712112427 0.7270758152008057 0.018842393532395363 0.4791603088378906 0.6529754996299744 0.013394569978117943 0.4473258852958679 0.6064798831939697 0.005824853666126728 0.41774141788482666 0.5704889297485352 -0.00027689101989381015
0.6291946172714233 0.8486430644989014 3.6092733246562148e-09 0.6678811311721802 0.732300877571106 0.0018048962811008096 0.6674078702926636 0.6119303107261658 0.010462948121130466 0.6514357924461365 0.5284882187843323 0.011044837534427643 0.6419351100921631 0.4763677716255188 0.010256814770400524 0.581462562084198 0.5572986006736755 0.06679919362068176 0.5458444952964783 0.47976261377334595 0.06936275959014893 0.5257270336151123 0.42983242869377136 0.062296174466609955 0.5095490217208862 0.3892535865306854 0.05633647367358208 0.5425037741661072 0.5825809836387634 0.05428369343280792 0.5037494897842407 0.5055556893348694 0.060664039105176926 0.48173680901527405 0.4489235579967499 0.04659423604607582 0.46453386545181274 0.39569565653800964 0.035515643656253815 0.5110145211219788 0.6183470487594604 0.034963544458150864 0.4741135239601135 0.543790876865387 0.035813357681035995 0.45098161697387695 0.48920148611068726 0.02451007068157196 0.4366292655467987 0.44154101610183716 0.015677496790885925 0.4844456911087036 0.6662206649780273 0.011498319916427135 0.45035597681999207 0.5960819721221924 0.008917277678847313 0.43125104904174805 0.5484607219696045 0.0033905019517987967 0.4196943938732147 0.5071845054626465 -0.0009676041081547737
0.6394367218017578 0.8127121925354004 7.086337627804085e-10 0.693170964717865 0.7200972437858582 -0.0016185473650693893 0.7068467736244202 0.6103444695472717 0.008547252975404263 0.6986764669418335 0.5270208716392517 0.011661016382277012 0.6924108862876892 0.4718625545501709 0.014605491422116756 0.6201307773590088 0.5188232660293579 0.0687449648976326 0.5965992212295532 0.4383830428123474 0.07897994667291641 0.5728985667228699 0.3964093327522278 0.0776907429099083 0.5507241487503052 0.36647284030914307 0.07563794404268265 0.5791332721710205 0.5327918529510498 0.060800701379776 0.5509557723999023 0.4478970766067505 0.07461797446012497 0.5263040065765381 0.40215426683425903 0.06435747444629669 0.5031591653823853 0.368341326713562 0.05609336122870445 0.5448543429374695 0.5608738660812378 0.04614628851413727 0.5176870226860046 0.4798264801502228 0.05009113997220993 0.49851739406585693 0.43450453877449036 0.03646314516663551 0.4823729395866394 0.40237492322921753 0.027277125045657158 0.5155768990516663 0.6034368872642517 0.02784004993736744 0.4939500093460083 0.5378071069717407 0.02798508107662201 0.48354029655456543 0.4981154799461365 0.02115573175251484 0.4740440547466278 0.4692985415458679 0.016730578616261482
0.644311249256134 0.8204726576805115 7.297791260185704e-09 0.7020063996315002 0.722200870513916 0.005178652238100767 0.7182117104530334 0.612034022808075 0.018822703510522842 0.7103338241577148 0.5273845791816711 0.02561277151107788 0.7093632221221924 0.47231075167655945 0.032194092869758606 0.6413894295692444 0.5378903150558472 0.06693817675113678 0.6216050982475281 0.4541453719139099 0.07801183313131332 0.6034544706344604 0.4064898192882538 0.08072645217180252 0.5878305435180664 0.36799946427345276 0.08102791011333466 0.5959459543228149 0.5501973628997803 0.056027039885520935 0.5696157217025757 0.45451828837394714 0.06978591531515121 0.5520719885826111 0.39488041400909424 0.06399936974048615 0.5379935503005981 0.34401386976242065 0.0582447350025177 0.5584443211555481 0.5798760056495667 0.039488572627305984 0.5297076106071472 0.493402361869812 0.04407160356640816 0.5135911703109741 0.43952518701553345 0.03467872366309166 0.5029475688934326 0.3916265368461609 0.02787880226969719 0.5282927751541138 0.625022292137146 0.020401841029524803 0.5028536319732666 0.5566849708557129 0.020198531448841095 0.49289023876190186 0.515323281288147 0.015559702180325985 0.4871267080307007 0.4789083003997803 0.012782287783920765
0.6192342638969421 0.8033424615859985 7.645564181757436e-09 0.665961742401123 0.7038589119911194 -0.0010152815375477076 0.6770814657211304 0.5980572700500488 0.0086034145206213 0.6750322580337524 0.5229142308235168 0.012625637464225292 0.6736955642700195 0.47431617975234985 0.015889333561062813 0.5955497622489929 0.5236080288887024 0.0597090981900692 0.5688247084617615 0.44645845890045166 0.06782454997301102 0.5461781024932861 0.40296077728271484 0.06481365859508514 0.5261825919151306 0.36985158920288086 0.06173784285783768 0.5578935742378235 0.5425981879234314 0.05500271916389465 0.5304291844367981 0.4663936495780945 0.06718344241380692 0.5079789161682129 0.4180492162704468 0.056674014776945114 0.4860365390777588 0.3790959119796753 0.04772903397679329 0.5270382761955261 0.5733492374420166 0.044817548245191574 0.5011459589004517 0.5018211007118225 0.050443440675735474 0.48056578636169434 0.45680588483810425 0.03886403515934944 0.46204498410224915 0.41944998502731323 0.02995641902089119 0.5023254156112671 0.6157410740852356 0.03126229718327522 0.47496160864830017 0.5551225543022156 0.032599467784166336 0.4593850374221802 0.5151375532150269 0.026977065950632095 0.44641879200935364 0.4817798137664795 0.02275088243186474
0.5776277780532837 0.8705354928970337 1.2151899930756827e-08 0.5963572859764099 0.7644649744033813 0.0026606929022818804 0.6023578643798828 0.6324986219406128 -0.0013913646107539535 0.612704336643219 0.5418732762336731 -0.010245103389024734 0.6227673292160034 0.47001954913139343 -0.02162201516330242 0.599606454372406 0.5872830152511597 0.0049970862455666065 0.5505680441856384 0.4959658980369568 -0.007228161673992872 0.5093476176261902 0.4479398727416992 -0.01947227120399475 0.4735777974128723 0.4128482937812805 -0.028838589787483215 0.5838932394981384 0.6137577295303345 -0.007991093210875988 0.5270283222198486 0.524325430393219 -0.018223604187369347 0.4819801151752472 0.46737149357795715 -0.03507391735911369 0.43948251008987427 0.42270928621292114 -0.05000011622905731 0.5653834939002991 0.6489566564559937 -0.022039739415049553 0.5062634944915771 0.5583488941192627 -0.03381377458572388 0.46096187829971313 0.5083872079849243 -0.04864535108208656 0.4206053614616394 0.4699133336544037 -0.060908637940883636 0.5472715497016907 0.6923515796661377 -0.03681081160902977 0.4954318106174469 0.6191939115524292 -0.048099301755428314 0.4615634083747864 0.5751433968544006 -0.05645104870200157 0.4307315945625305 0.538480818271637 -0.0646572858095169
0.5716490745544434 0.8797752857208252 1.1085700357682526e-08 0.6145142316818237 0.7685104012489319 -0.005549875553697348 0.6229790449142456 0.6433031558990479 -0.0005798753700219095 0.6119685173034668 0.5462183952331543 0.006041164044290781 0.6038656234741211 0.4686248302459717 0.012276969850063324 0.5782422423362732 0.5927367210388184 0.01684071123600006 0.5287672281265259 0.499728262424469 0.02647085301578045 0.4935314655303955 0.44516411423683167 0.03137441724538803 0.4624016284942627 0.40252572298049927 0.03439873084425926 0.5295240879058838 0.6219605207443237 0.024064762517809868 0.47489067912101746 0.5283759832382202 0.036106403917074203 0.4415441155433655 0.46516188979148865 0.03685106709599495 0.41090309619903564 0.41469278931617737 0.03574172034859657 0.4906371831893921 0.6597056984901428 0.03084740974009037 0.4424428641796112 0.5722342729568481 0.03988872095942497 0.41298240423202515 0.5136311054229736 0.03779695928096771 0.3873392343521118 0.46780166029930115 0.03543056175112724 0.4609392285346985 0.7035897970199585 0.03669683262705803 0.42245498299598694 0.6283458471298218 0.04371519014239311 0.39849475026130676 0.5834653377532959 0.044669922441244125 0.37752801179885864 0.5476192831993103 0.0447237566113472
0.5193865299224854 0.46138647198677063 -3.5978725554386415e-10 0.4973653256893158 0.45567187666893005 -0.0007543052197434008 0.4824041724205017 0.4361587464809418 -0.0018272817833349109 0.477766752243042 0.4134211838245392 -0.002402530051767826 0.4800969958305359 0.39728280901908875 -0.002338030841201544 0.48777079582214355 0.4138849675655365 -0.009663084521889687 0.48124638199806213 0.3837786018848419 -0.006211759988218546 0.4825410842895508 0.3941099941730499 0.0013018206227570772 0.48611584305763245 0.4084708094596863 0.006212135311216116 0.5012720823287964 0.406281977891922 -0.009995970875024796 0.4943813383579254 0.3785691559314728 -0.00838512647897005 0.4946785569190979 0.389046847820282 -0.0025961401406675577 0.49878889322280884 0.40216362476348877 0.001833939109928906 0.5145983695983887 0.4031788408756256 -0.009035274386405945 0.5087888240814209 0.3784298598766327 -0.00620037829503417 0.5088242292404175 0.3867971897125244 -0.00106362858787179 0.5125157833099365 0.3978671431541443 0.00216625421307981 0.5274470448493958 0.4032570421695709 -0.008116263896226883 0.5226972103118896 0.38392454385757446 -0.005036231596022844 0.5223057866096497 0.38929715752601624 -0.0013708348851650953 0.5248979330062866 0.3977327048778534 0.0013387184590101242
0.6443391442298889 0.8126415014266968 3.1247990861515973e-09 0.6991380453109741 0.7241001129150391 -0.002682941034436226 0.7099398374557495 0.6141796708106995 0.007482930086553097 0.6996848583221436 0.5310367345809937 0.01051648985594511 0.6983333826065063 0.47447511553764343 0.013362455181777477 0.6192817091941833 0.5155212879180908 0.07291896641254425 0.588419497013092 0.4373374879360199 0.0838555097579956 0.5631946921348572 0.39516881108283997 0.08247548341751099 0.541265606880188 0.365568071603775 0.08064206689596176 0.5776688456535339 0.5318764448165894 0.06593944132328033 0.5443394184112549 0.449776291847229 0.08139804005622864 0.5194743871688843 0.4054205119609833 0.07201743870973587 0.4968865215778351 0.37230783700942993 0.06470292806625366 0.5422446131706238 0.5615732669830322 0.051675789058208466 0.5110136270523071 0.4829329252243042 0.05765791982412338 0.48891958594322205 0.4392539858818054 0.04577501490712166 0.47038760781288147 0.4088970422744751 0.03780968859791756 0.5111635327339172 0.6064325571060181 0.033237650990486145 0.48473817110061646 0.5404694676399231 0.03436727076768875 0.4699433743953705 0.50077885389328 0.02885843813419342 0.4565909504890442 0.4727634787559509 0.02547435276210308
0.6487364172935486 0.8195553421974182 6.873651869909736e-09 0.7061998248100281 0.7198787927627563 0.006783576682209969 0.7231016159057617 0.6103595495223999 0.018846509978175163 0.7170923948287964 0.5255742073059082 0.025916889309883118 0.7195891737937927 0.4715738296508789 0.033118754625320435 0.6495819091796875 0.5502929091453552 0.04883720353245735 0.6249582171440125 0.4622423052787781 0.05796666815876961 0.6058716177940369 0.4158650040626526 0.0632263720035553 0.589474618434906 0.3800279200077057 0.06612907350063324 0.6038515567779541 0.5650500059127808 0.03991331532597542 0.5721442103385925 0.46339839696884155 0.05063978582620621 0.5525052547454834 0.40203171968460083 0.048273541033267975 0.5359492301940918 0.3531530499458313 0.045725900679826736 0.5657985210418701 0.5948302149772644 0.027492566034197807 0.5326732993125916 0.5019445419311523 0.029461892321705818 0.5140628218650818 0.4453125596046448 0.022371992468833923 0.5008474588394165 0.39681071043014526 0.018443040549755096 0.535138726234436 0.6372361779212952 0.013725443743169308 0.506434440612793 0.566171407699585 0.012476670555770397 0.4947243332862854 0.5207384824752808 0.00895168911665678 0.4869678020477295 0.4799557328224182 0.007545693311840296
0.6309092044830322 0.7981387972831726 6.4207301697649655e-09 0.6788453459739685 0.7072232365608215 -9.3284688773565e-05 0.6895321607589722 0.603958785533905 0.00661913026124239 0.6873525381088257 0.5291398167610168 0.00832618959248066 0.6902905702590942 0.4830915629863739 0.008793063461780548 0.6128581762313843 0.5302624106407166 0.04302865266799927 0.5868160128593445 0.45213425159454346 0.04680335521697998 0.5595866441726685 0.41408783197402954 0.04320461302995682 0.5350983142852783 0.3915095329284668 0.03973967581987381 0.5736071467399597 0.5499535799026489 0.035690173506736755 0.5446955561637878 0.47038552165031433 0.04127219691872597 0.5178230404853821 0.4273025691509247 0.029065867885947227 0.49313032627105713 0.3988878130912781 0.01923198252916336 0.5414278507232666 0.5831213593482971 0.02437078207731247 0.5134012699127197 0.5100001096725464 0.023340348154306412 0.48932379484176636 0.4678293764591217 0.008778796531260014 0.4684939980506897 0.4386522173881531 -0.0013576705241575837 0.5157425999641418 0.628474771976471 0.010748878121376038 0.4873056411743164 0.5689540505409241 0.006645043846219778 0.470733642578125 0.5330223441123962 -0.0014676740393042564 0.45751017332077026 0.5083048343658447 -0.007204373367130756
0 0 0 0 0 0 0 0 0 0 0 0 0 0 0 0 0 0 0 0 0 0 0 0 0 0 0 0 0 0 0 0 0 0 0 0 0 0 0 0 0 0 0 0 0 0 0 0 0 0 0 0 0 0 0 0 0 0 0 0 0 0 0
0 0 0 0 0 0 0 0 0 0 0 0 0 0 0 0 0 0 0 0 0 0 0 0 0 0 0 0 0 0 0 0 0 0 0 0 0 0 0 0 0 0 0 0 0 0 0 0 0 0 0 0 0 0 0 0 0 0 0 0 0 0 0
0 0 0 0 0 0 0 0 0 0 0 0 0 0 0 0 0 0 0 0 0 0 0 0 0 0 0 0 0 0 0 0 0 0 0 0 0 0 0 0 0 0 0 0 0 0 0 0 0 0 0 0 0 0 0 0 0 0 0 0 0 0 0
0 0 0 0 0 0 0 0 0 0 0 0 0 0 0 0 0 0 0 0 0 0 0 0 0 0 0 0 0 0 0 0 0 0 0 0 0 0 0 0 0 0 0 0 0 0 0 0 0 0 0 0 0 0 0 0 0 0 0 0 0 0 0
0.6625941395759583 0.7644239664077759 1.1174078551334787e-08 0.7099254131317139 0.6875369548797607 -0.020223792642354965 0.7233462333679199 0.5935741066932678 -0.034205906093120575 0.7165670990943909 0.5180615782737732 -0.048897016793489456 0.7273741960525513 0.46147751808166504 -0.06571909785270691 0.6505064368247986 0.5350465178489685 -0.02169143222272396 0.6304884552955627 0.4445684552192688 -0.040927495807409286 0.6142024993896484 0.3929610550403595 -0.053727202117443085 0.5983443260192871 0.35044682025909424 -0.06321454793214798 0.6057778596878052 0.5550254583358765 -0.02896331436932087 0.5784502029418945 0.457353800535202 -0.04779958352446556 0.5593977570533752 0.3979852497577667 -0.0651719719171524 0.5419158935546875 0.3468436002731323 -0.07882548123598099 0.5702919960021973 0.588738739490509 -0.03894675895571709 0.5383637547492981 0.49958422780036926 -0.06141725927591324 0.5197391510009766 0.43831583857536316 -0.08016525954008102 0.505779504776001 0.3846548795700073 -0.09262154996395111 0.5406228303909302 0.6334061026573181 -0.05119134113192558 0.507915735244751 0.5614986419677734 -0.07226017117500305 0.49580544233322144 0.513446033000946 -0.08536183089017868 0.48855870962142944 0.4691520929336548 -0.09505607932806015
0.6388916373252869 0.7475073337554932 4.679696186116189e-09 0.6848344206809998 0.6740581393241882 -0.011887367814779282 0.6972679495811462 0.5913757085800171 -0.016618210822343826 0.6957827806472778 0.5294141173362732 -0.025240415707230568 0.7028975486755371 0.4834417402744293 -0.03575737029314041 0.6092408299446106 0.5158215761184692 0.015888940542936325 0.5858778953552246 0.4450680613517761 0.006696635391563177 0.5628690719604492 0.4052596688270569 -0.00595809193328023 0.5412644147872925 0.3772394061088562 -0.016144465655088425 0.5707216262817383 0.5331552028656006 0.007213891018182039 0.5386853218078613 0.46046707034111023 -0.0010611724574118853 0.5129820704460144 0.4168180823326111 -0.020165348425507545 0.49019160866737366 0.38486623764038086 -0.03516870737075806 0.5397109985351562 0.5663161873817444 -0.00602718535810709 0.5054545402526855 0.5030162334442139 -0.019369402900338173 0.4834883511066437 0.4615655541419983 -0.039573267102241516 0.46570295095443726 0.42795640230178833 -0.05366551876068115 0.5141193270683289 0.6156399846076965 -0.021994072943925858 0.48006314039230347 0.5697739720344543 -0.036819856613874435 0.46610772609710693 0.5381492376327515 -0.05011093616485596 0.45648282766342163 0.5117835998535156 -0.05974319577217102
0.6096479892730713 0.7363256812095642 7.830411874465426e-09 0.6496001482009888 0.6642911434173584 0.003979833330959082 0.6567795276641846 0.5890917181968689 0.013940736651420593 0.6570871472358704 0.5303961634635925 0.01794172264635563 0.6581251621246338 0.4863310158252716 0.021619757637381554 0.5574443340301514 0.5261598825454712 0.06636803597211838 0.531554639339447 0.46247541904449463 0.08204879611730576 0.5116197466850281 0.4216477870941162 0.08517179638147354 0.4942823052406311 0.39384961128234863 0.08573385328054428 0.5227941870689392 0.5427924990653992 0.06141561642289162 0.49400120973587036 0.4763453006744385 0.08134599030017853 0.47235628962516785 0.4331062138080597 0.07938145101070404 0.4531770944595337 0.4028046131134033 0.07687593996524811 0.4952179789543152 0.5717530250549316 0.051448069512844086 0.4618796110153198 0.5137104392051697 0.06415138393640518 0.43731462955474854 0.47779759764671326 0.05975143611431122 0.41711676120758057 0.45143771171569824 0.05581631511449814 0.47613564133644104 0.6106483936309814 0.0386730320751667 0.43999671936035156 0.5701502561569214 0.04466460272669792 0.4193871021270752 0.5475552082061768 0.04360852763056755 0.4050120711326599 0.5337751507759094 0.0433044470846653
0.5842971801757812 0.7528553605079651 4.4122119291500894e-09 0.6249555945396423 0.693797767162323 -0.036401811987161636 0.6356405019760132 0.6155790686607361 -0.05661094933748245 0.6259033679962158 0.5451706051826477 -0.07246669381856918 0.623008668422699 0.4834721088409424 -0.08962591737508774 0.5383219122886658 0.5646481513977051 -0.04394590109586716 0.5038652420043945 0.4881984293460846 -0.06335709244012833 0.47750163078308105 0.43716514110565186 -0.07685186713933945 0.4543117582798004 0.3952594995498657 -0.08693532645702362 0.49481311440467834 0.5798279047012329 -0.03788412734866142 0.4481584429740906 0.5013943910598755 -0.055944040417671204 0.41850173473358154 0.44593697786331177 -0.07228598743677139 0.39075547456741333 0.3973963260650635 -0.08510631322860718 0.465178519487381 0.6051658391952515 -0.03440278768539429 0.4166719317436218 0.5362296104431152 -0.0534433051943779 0.38598424196243286 0.4891381561756134 -0.07191479951143265 0.35988911986351013 0.44627946615219116 -0.08449704945087433 0.446264386177063 0.6434051990509033 -0.033853307366371155 0.4031638503074646 0.5949627757072449 -0.051698531955480576 0.3766157031059265 0.5610587000846863 -0.06607462465763092 0.35676050186157227 0.5299278497695923 -0.07646972686052322
0 0 0 0 0 0 0 0 0 0 0 0 0 0 0 0 0 0 0 0 0 0 0 0 0 0 0 0 0 0 0 0 0 0 0 0 0 0 0 0 0 0 0 0 0 0 0 0 0 0 0 0 0 0 0 0 0 0 0 0 0 0 0
