0.6772316694259644 0.8314734101295471 1.3419607647335852e-08 0.5575469136238098 0.8340417742729187 -0.06481579691171646 0.4568023085594177 0.7903803586959839 -0.0650622770190239 0.38354673981666565 0.7621361017227173 -0.04790038615465164 0.32432860136032104 0.75123530626297 -0.022269999608397484 0.4790551960468292 0.5767020583152771 0.01216955203562975 0.41191720962524414 0.5187243819236755 0.05343957245349884 0.39047712087631226 0.5420916080474854 0.08168956637382507 0.39493903517723083 0.577034592628479 0.10236991196870804 0.523265540599823 0.5731723308563232 0.07203678041696548 0.45981794595718384 0.5125704407691956 0.12113869190216064 0.43737608194351196 0.5498408675193787 0.14069987833499908 0.4357430338859558 0.5922505259513855 0.15568087995052338 0.5487976670265198 0.5939198136329651 0.12742643058300018 0.48883479833602905 0.5422533750534058 0.17344240844249725 0.46053361892700195 0.5753177404403687 0.1799263060092926 0.4551057517528534 0.6163238883018494 0.18419262766838074 0.5622748732566833 0.6207268238067627 0.1760103404521942 0.5112684369087219 0.5976154208183289 0.21562615036964417 0.4837534427642822 0.625749945640564 0.2252659946680069 0.47177407145500183 0.6656476259231567 0.23358076810836792
0.6797503232955933 0.8141060471534729 2.4844115653621657e-09 0.5749008655548096 0.8365326523780823 -0.0829925611615181 0.46824589371681213 0.8147329092025757 -0.0935930386185646 0.38024646043777466 0.8109710216522217 -0.08296393603086472 0.3148174285888672 0.8120081424713135 -0.06335988640785217 0.4718334376811981 0.5866267681121826 -0.021005114540457726 0.4001394212245941 0.5325480103492737 0.01110810972750187 0.3860345482826233 0.5517302751541138 0.033456988632678986 0.3970359265804291 0.5853568315505981 0.0496869832277298 0.5004583597183228 0.5782841444015503 0.045161210000514984 0.4404795169830322 0.5235464572906494 0.08626842498779297 0.42029979825019836 0.5422784090042114 0.09669995307922363 0.418815016746521 0.5756508111953735 0.10249308496713638 0.5198431611061096 0.5899515748023987 0.10678073018789291 0.4641891419887543 0.535366415977478 0.14315035939216614 0.4454813599586487 0.5503041744232178 0.1379966288805008 0.44441086053848267 0.5823900699615479 0.1335904598236084 0.530171811580658 0.6102138757705688 0.16105133295059204 0.48085206747055054 0.5703935623168945 0.18884678184986115 0.4623035788536072 0.5689695477485657 0.1879003942012787 0.4553830027580261 0.5852621793746948 0.18737594783306122
0.6970705986022949 0.8257442712783813 7.761294718022782e-09 0.5945883393287659 0.8127966523170471 -0.1064649447798729 0.4773196578025818 0.7847729921340942 -0.11884873360395432 0.3876301646232605 0.7795730829238892 -0.10682862997055054 0.32770711183547974 0.7859505414962769 -0.08839242160320282 0.47043299674987793 0.5629299283027649 -0.023844078183174133 0.3575282096862793 0.6111845374107361 -0.016491087153553963 0.3364313840866089 0.683897852897644 -0.01807824894785881 0.33690881729125977 0.7342172265052795 -0.01716419868171215 0.4922073185443878 0.5970881581306458 0.04341714829206467 0.38124531507492065 0.6788200736045837 0.0451318733394146 0.3804588317871094 0.7770420908927917 0.020419253036379814 0.3971790075302124 0.8300450444221497 0.008385284803807735 0.5044289827346802 0.6447340846061707 0.10223854333162308 0.41326549649238586 0.7308192253112793 0.0929313376545906 0.41215309500694275 0.8088549971580505 0.04954281449317932 0.4247269332408905 0.8514745831489563 0.028359025716781616 0.5132190585136414 0.6915069818496704 0.15466170012950897 0.4429662823677063 0.7576431035995483 0.1470073014497757 0.43692919611930847 0.808863639831543 0.11938097327947617 0.4433683454990387 0.8394451141357422 0.10426108539104462
0 0 0 0 0 0 0 0 0 0 0 0 0 0 0 0 0 0 0 0 0 0 0 0 0 0 0 0 0 0 0 0 0 0 0 0 0 0 0 0 0 0 0 0 0 0 0 0 0 0 0 0 0 0 0 0 0 0 0 0 0 0 0
0 0 0 0 0 0 0 0 0 0 0 0 0 0 0 0 0 0 0 0 0 0 0 0 0 0 0 0 0 0 0 0 0 0 0 0 0 0 0 0 0 0 0 0 0 0 0 0 0 0 0 0 0 0 0 0 0 0 0 0 0 0 0
0 0 0 0 0 0 0 0 0 0 0 0 0 0 0 0 0 0 0 0 0 0 0 0 0 0 0 0 0 0 0 0 0 0 0 0 0 0 0 0 0 0 0 0 0 0 0 0 0 0 0 0 0 0 0 0 0 0 0 0 0 0 0
0 0 0 0 0 0 0 0 0 0 0 0 0 0 0 0 0 0 0 0 0 0 0 0 0 0 0 0 0 0 0 0 0 0 0 0 0 0 0 0 0 0 0 0 0 0 0 0 0 0 0 0 0 0 0 0 0 0 0 0 0 0 0
0 0 0 0 0 0 0 0 0 0 0 0 0 0 0 0 0 0 0 0 0 0 0 0 0 0 0 0 0 0 0 0 0 0 0 0 0 0 0 0 0 0 0 0 0 0 0 0 0 0 0 0 0 0 0 0 0 0 0 0 0 0 0
0 0 0 0 0 0 0 0 0 0 0 0 0 0 0 0 0 0 0 0 0 0 0 0 0 0 0 0 0 0 0 0 0 0 0 0 0 0 0 0 0 0 0 0 0 0 0 0 0 0 0 0 0 0 0 0 0 0 0 0 0 0 0
0 0 0 0 0 0 0 0 0 0 0 0 0 0 0 0 0 0 0 0 0 0 0 0 0 0 0 0 0 0 0 0 0 0 0 0 0 0 0 0 0 0 0 0 0 0 0 0 0 0 0 0 0 0 0 0 0 0 0 0 0 0 0
0 0 0 0 0 0 0 0 0 0 0 0 0 0 0 0 0 0 0 0 0 0 0 0 0 0 0 0 0 0 0 0 0 0 0 0 0 0 0 0 0 0 0 0 0 0 0 0 0 0 0 0 0 0 0 0 0 0 0 0 0 0 0
0.23906512558460236 0.6619060635566711 1.4097965461701278e-08 0.3332713842391968 0.657619297504425 -0.010944286361336708 0.41851118206977844 0.6383190751075745 0.007589991670101881 0.4582946002483368 0.6408959627151489 0.025167042389512062 0.4626402258872986 0.6554276943206787 0.044675033539533615 0.4245920777320862 0.469528466463089 0.08047381043434143 0.48487961292266846 0.4365312159061432 0.11978491395711899 0.5281528234481812 0.4263535439968109 0.13712136447429657 0.5632538795471191 0.428592324256897 0.14700226485729218 0.41030192375183105 0.48399078845977783 0.09642009437084198 0.47017648816108704 0.46990659832954407 0.1579965502023697 0.5115024447441101 0.47473832964897156 0.17894646525382996 0.5393038392066956 0.4912932515144348 0.18629209697246552 0.39010441303253174 0.5218993425369263 0.1057174876332283 0.44286954402923584 0.5328454971313477 0.1625850945711136 0.46604123711586 0.5552923083305359 0.1778053194284439 0.48029667139053345 0.5813114643096924 0.17953957617282867 0.3705172538757324 0.5772005319595337 0.10766464471817017 0.4062133729457855 0.5841801762580872 0.14962531626224518 0.4199254512786865 0.5983304381370544 0.16433508694171906 0.42458659410476685 0.6198879480361938 0.17132364213466644
0 0 0 0 0 0 0 0 0 0 0 0 0 0 0 0 0 0 0 0 0 0 0 0 0 0 0 0 0 0 0 0 0 0 0 0 0 0 0 0 0 0 0 0 0 0 0 0 0 0 0 0 0 0 0 0 0 0 0 0 0 0 0
0 0 0 0 0 0 0 0 0 0 0 0 0 0 0 0 0 0 0 0 0 0 0 0 0 0 0 0 0 0 0 0 0 0 0 0 0 0 0 0 0 0 0 0 0 0 0 0 0 0 0 0 0 0 0 0 0 0 0 0 0 0 0
0 0 0 0 0 0 0 0 0 0 0 0 0 0 0 0 0 0 0 0 0 0 0 0 0 0 0 0 0 0 0 0 0 0 0 0 0 0 0 0 0 0 0 0 0 0 0 0 0 0 0 0 0 0 0 0 0 0 0 0 0 0 0
0 0 0 0 0 0 0 0 0 0 0 0 0 0 0 0 0 0 0 0 0 0 0 0 0 0 0 0 0 0 0 0 0 0 0 0 0 0 0 0 0 0 0 0 0 0 0 0 0 0 0 0 0 0 0 0 0 0 0 0 0 0 0
0 0 0 0 0 0 0 0 0 0 0 0 0 0 0 0 0 0 0 0 0 0 0 0 0 0 0 0 0 0 0 0 0 0 0 0 0 0 0 0 0 0 0 0 0 0 0 0 0 0 0 0 0 0 0 0 0 0 0 0 0 0 0
0.30112504959106445 0.605554461479187 1.5552242160765672e-08 0.3685495853424072 0.5521541237831116 0.01219786424189806 0.440059095621109 0.5208756327629089 0.034868646413087845 0.48994576930999756 0.5285419821739197 0.05634342506527901 0.5157257318496704 0.5471364855766296 0.07919778674840927 0.4703594744205475 0.45509791374206543 0.06037687137722969 0.5421299934387207 0.4747822880744934 0.08780983090400696 0.5813212990760803 0.5038566589355469 0.09963544458150864 0.6053361296653748 0.5376041531562805 0.10603757202625275 0.4621165096759796 0.48336732387542725 0.06449675559997559 0.5220546126365662 0.5295959711074829 0.10574216395616531 0.5373812317848206 0.5581878423690796 0.11244703829288483 0.5441932678222656 0.5810519456863403 0.11121619492769241 0.44433924555778503 0.5277062058448792 0.06768029928207397 0.4881265163421631 0.5851157903671265 0.10766991972923279 0.4738427400588989 0.6028248071670532 0.10799123346805573 0.4575646221637726 0.6126391291618347 0.10168929398059845 0.423511266708374 0.5780415534973145 0.06885595619678497 0.4533703327178955 0.6176878809928894 0.0975976288318634 0.44237685203552246 0.6333983540534973 0.10167119652032852 0.4274199306964874 0.6455503702163696 0.10172251611948013
0.2790917158126831 0.6252756714820862 2.2994862902692148e-08 0.3493889570236206 0.5513352751731873 0.01701357401907444 0.4235451817512512 0.518543004989624 0.03907882049679756 0.4747687578201294 0.5457742810249329 0.058937519788742065 0.4912784695625305 0.5865232944488525 0.07945465296506882 0.4268277585506439 0.4238209128379822 0.05355044826865196 0.5136532187461853 0.4525400698184967 0.07183799892663956 0.5614911913871765 0.4905471205711365 0.07277627289295197 0.5901989936828613 0.5294070839881897 0.07096598297357559 0.41996458172798157 0.46561235189437866 0.05156588926911354 0.48374736309051514 0.5510609745979309 0.0815517008304596 0.4702197015285492 0.5842591524124146 0.07956954836845398 0.45656999945640564 0.5969238877296448 0.07296515256166458 0.41126540303230286 0.5218780636787415 0.04979982599616051 0.45724502205848694 0.5965908765792847 0.0836922824382782 0.43432870507240295 0.6072849035263062 0.07477110624313354 0.41768133640289307 0.608746349811554 0.060483168810606 0.40448760986328125 0.5814158320426941 0.04670447111129761 0.4343219995498657 0.6333121061325073 0.07358770817518234 0.417368620634079 0.6442012190818787 0.0723208412528038 0.4036151170730591 0.6508401036262512 0.06629229336977005
0.24080096185207367 0.6184016466140747 1.0849062093143402e-08 0.2975476384162903 0.5384496450424194 0.025506433099508286 0.3717816472053528 0.4918106198310852 0.04649200290441513 0.42104867100715637 0.49452370405197144 0.0657513290643692 0.4418611526489258 0.5106459856033325 0.08580800145864487 0.4221194386482239 0.43960100412368774 0.03997453302145004 0.4999200701713562 0.4596044421195984 0.05933649465441704 0.5469605326652527 0.47704803943634033 0.06698106229305267 0.5770421028137207 0.49971264600753784 0.07063520699739456 0.43259888887405396 0.49685466289520264 0.03478804603219032 0.4838605225086212 0.550998866558075 0.06721578538417816 0.4783909320831299 0.5722284317016602 0.07995917648077011 0.4707162082195282 0.5796077847480774 0.08351830393075943 0.4300311505794525 0.5656504034996033 0.03164752200245857 0.4597519040107727 0.6122180223464966 0.06345234811306 0.4252777695655823 0.6239385008811951 0.07197936624288559 0.39919111132621765 0.6250675916671753 0.07159819453954697 0.42141640186309814 0.6359730958938599 0.028601104393601418 0.43905043601989746 0.6650919914245605 0.05352383852005005 0.4072895348072052 0.6703248620033264 0.0632677972316742 0.3821733295917511 0.6714594960212708 0.06756097078323364
0.23861858248710632 0.6393594741821289 1.4096738887303673e-08 0.29226964712142944 0.5439467430114746 0.0634690523147583 0.36292892694473267 0.507501482963562 0.09934176504611969 0.4118100702762604 0.5218266844749451 0.12455421686172485 0.42944103479385376 0.5501933693885803 0.1494789868593216 0.4273096024990082 0.4599383771419525 0.07634948194026947 0.4981209933757782 0.4511043429374695 0.10599081963300705 0.5421425104141235 0.47256767749786377 0.12155240029096603 0.5640420913696289 0.5027034282684326 0.12995462119579315 0.44438281655311584 0.5138049125671387 0.052859071642160416 0.4873456358909607 0.5734974145889282 0.09751486033201218 0.4659026563167572 0.604453980922699 0.1191801130771637 0.44127485156059265 0.6160012483596802 0.12866954505443573 0.4431367516517639 0.5828037261962891 0.03358742222189903 0.45452481508255005 0.6456347703933716 0.07851006090641022 0.4205765426158905 0.6599265933036804 0.09249267727136612 0.39376452565193176 0.6578010320663452 0.0935664102435112 0.4313488006591797 0.6569164991378784 0.01668468676507473 0.43280425667762756 0.7040375471115112 0.054643403738737106 0.4008748531341553 0.7102043032646179 0.06855784356594086 0.3740837574005127 0.7050033211708069 0.07407334446907043
0 0 0 0 0 0 0 0 0 0 0 0 0 0 0 0 0 0 0 0 0 0 0 0 0 0 0 0 0 0 0 0 0 0 0 0 0 0 0 0 0 0 0 0 0 0 0 0 0 0 0 0 0 0 0 0 0 0 0 0 0 0 0
0 0 0 0 0 0 0 0 0 0 0 0 0 0 0 0 0 0 0 0 0 0 0 0 0 0 0 0 0 0 0 0 0 0 0 0 0 0 0 0 0 0 0 0 0 0 0 0 0 0 0 0 0 0 0 0 0 0 0 0 0 0 0
0 0 0 0 0 0 0 0 0 0 0 0 0 0 0 0 0 0 0 0 0 0 0 0 0 0 0 0 0 0 0 0 0 0 0 0 0 0 0 0 0 0 0 0 0 0 0 0 0 0 0 0 0 0 0 0 0 0 0 0 0 0 0
0 0 0 0 0 0 0 0 0 0 0 0 0 0 0 0 0 0 0 0 0 0 0 0 0 0 0 0 0 0 0 0 0 0 0 0 0 0 0 0 0 0 0 0 0 0 0 0 0 0 0 0 0 0 0 0 0 0 0 0 0 0 0
0 0 0 0 0 0 0 0 0 0 0 0 0 0 0 0 0 0 0 0 0 0 0 0 0 0 0 0 0 0 0 0 0 0 0 0 0 0 0 0 0 0 0 0 0 0 0 0 0 0 0 0 0 0 0 0 0 0 0 0 0 0 0
0.29848235845565796 0.6856884956359863 9.344438112179887e-09 0.3921542763710022 0.7084313631057739 -0.0025285817682743073 0.47536641359329224 0.6893402338027954 -0.010202021338045597 0.533179521560669 0.6628493070602417 -0.01739472523331642 0.5657733082771301 0.6487093567848206 -0.02427072450518608 0.4846274256706238 0.5473331212997437 -0.029601192101836205 0.5541363954544067 0.539965808391571 -0.03491148725152016 0.588120698928833 0.5637186169624329 -0.03099776990711689 0.6057624220848083 0.5898079872131348 -0.027789495885372162 0.44617128372192383 0.5082349181175232 -0.03555794432759285 0.5163490176200867 0.4975360631942749 -0.03929298743605614 0.5472719073295593 0.5313782095909119 -0.031390849500894547 0.5617480278015137 0.5662949085235596 -0.02703050710260868 0.3999730944633484 0.49397212266921997 -0.039271626621484756 0.46511176228523254 0.48482176661491394 -0.04011031240224838 0.4901503920555115 0.5214890241622925 -0.027355870231986046 0.5010324120521545 0.5566308498382568 -0.020104913040995598 0.3503277003765106 0.49956727027893066 -0.04459346830844879 0.4005289077758789 0.4938177466392517 -0.04362686723470688 0.4234299957752228 0.5267812013626099 -0.03293628245592117 0.43313848972320557 0.5606194734573364 -0.025509914383292198
0 0 0 0 0 0 0 0 0 0 0 0 0 0 0 0 0 0 0 0 0 0 0 0 0 0 0 0 0 0 0 0 0 0 0 0 0 0 0 0 0 0 0 0 0 0 0 0 0 0 0 0 0 0 0 0 0 0 0 0 0 0 0
0.6688475608825684 0.7936394214630127 6.674789165828088e-09 0.6411821246147156 0.7096502780914307 0.015785258263349533 0.5836805105209351 0.6555113196372986 0.026099294424057007 0.5403028726577759 0.6167743802070618 0.03458645939826965 0.5113207101821899 0.5801783800125122 0.04308353736996651 0.5170288681983948 0.7154461145401001 0.025902867317199707 0.4548768997192383 0.7330836653709412 0.039932116866111755 0.4166103005409241 0.7447484135627747 0.05155647546052933 0.3902737498283386 0.7518948912620544 0.06001973897218704 0.5153781175613403 0.7646716237068176 0.02346031367778778 0.4524293541908264 0.7781548500061035 0.03967440128326416 0.41293060779571533 0.7843201756477356 0.054334189742803574 0.3835163116455078 0.7866338491439819 0.06466767936944962 0.520362138748169 0.8105658292770386 0.022162171080708504 0.46161991357803345 0.8145443797111511 0.03779427334666252 0.42212995886802673 0.8138458728790283 0.05408859997987747 0.3929870128631592 0.8128904700279236 0.06476236134767532 0.5293274521827698 0.8508971929550171 0.02028380148112774 0.4814472794532776 0.8522740602493286 0.032301247119903564 0.44685399532318115 0.8534588813781738 0.04352593421936035 0.4183638393878937 0.8534075617790222 0.051796648651361465
0 0 0 0 0 0 0 0 0 0 0 0 0 0 0 0 0 0 0 0 0 0 0 0 0 0 0 0 0 0 0 0 0 0 0 0 0 0 0 0 0 0 0 0 0 0 0 0 0 0 0 0 0 0 0 0 0 0 0 0 0 0 0
0 0 0 0 0 0 0 0 0 0 0 0 0 0 0 0 0 0 0 0 0 0 0 0 0 0 0 0 0 0 0 0 0 0 0 0 0 0 0 0 0 0 0 0 0 0 0 0 0 0 0 0 0 0 0 0 0 0 0 0 0 0 0
0 0 0 0 0 0 0 0 0 0 0 0 0 0 0 0 0 0 0 0 0 0 0 0 0 0 0 0 0 0 0 0 0 0 0 0 0 0 0 0 0 0 0 0 0 0 0 0 0 0 0 0 0 0 0 0 0 0 0 0 0 0 0
0 0 0 0 0 0 0 0 0 0 0 0 0 0 0 0 0 0 0 0 0 0 0 0 0 0 0 0 0 0 0 0 0 0 0 0 0 0 0 0 0 0 0 0 0 0 0 0 0 0 0 0 0 0 0 0 0 0 0 0 0 0 0
0.35719990730285645 0.7449160218238831 -2.3906561175124352e-09 0.43927711248397827 0.8055458664894104 0.027691563591361046 0.5137820243835449 0.7926631569862366 0.043129775673151016 0.5648946166038513 0.7433916330337524 0.05944288522005081 0.5920519828796387 0.6929234862327576 0.07833418995141983 0.563225269317627 0.7292719483375549 -0.010778235271573067 0.6453953385353088 0.6832661032676697 0.018500180914998055 0.6315582394599915 0.6867455244064331 0.05858499929308891 0.6004019975662231 0.6986578106880188 0.08568350970745087 0.5335374474525452 0.6604669094085693 -0.013039383105933666 0.6043007373809814 0.618220329284668 0.016330884769558907 0.5872496962547302 0.6375454068183899 0.05611027032136917 0.5568403601646423 0.6643655896186829 0.08407296240329742 0.4958054721355438 0.6071504950523376 -0.007476898841559887 0.5546636581420898 0.5754448175430298 0.022911110892891884 0.5450876951217651 0.5961285829544067 0.053105615079402924 0.525195300579071 0.6193521022796631 0.07162033766508102 0.4545658230781555 0.5666730999946594 0.0008114897646009922 0.5023137927055359 0.5472289323806763 0.02509438432753086 0.5002219676971436 0.5681350231170654 0.04525073245167732 0.48675328493118286 0.5914056897163391 0.06066850572824478
0 0 0 0 0 0 0 0 0 0 0 0 0 0 0 0 0 0 0 0 0 0 0 0 0 0 0 0 0 0 0 0 0 0 0 0 0 0 0 0 0 0 0 0 0 0 0 0 0 0 0 0 0 0 0 0 0 0 0 0 0 0 0
0 0 0 0 0 0 0 0 0 0 0 0 0 0 0 0 0 0 0 0 0 0 0 0 0 0 0 0 0 0 0 0 0 0 0 0 0 0 0 0 0 0 0 0 0 0 0 0 0 0 0 0 0 0 0 0 0 0 0 0 0 0 0
0.2973736822605133 0.6791689991950989 6.700277666027432e-09 0.4028143882751465 0.7362671494483948 0.037056948989629745 0.4907909333705902 0.6976520419120789 0.0689096450805664 0.5477879047393799 0.6340230703353882 0.09871064126491547 0.5765155553817749 0.5968854427337646 0.13139022886753082 0.5161623358726501 0.5784098505973816 0.059945132583379745 0.5796819925308228 0.5506039261817932 0.10621210932731628 0.5897203087806702 0.5816460251808167 0.1458863765001297 0.5829223394393921 0.6105069518089294 0.17260384559631348 0.47693800926208496 0.5196099281311035 0.06159871071577072 0.5359998345375061 0.502788782119751 0.1126319169998169 0.5484325289726257 0.5388581156730652 0.1480342298746109 0.541964054107666 0.5739185214042664 0.17165382206439972 0.43030214309692383 0.4838975667953491 0.06813599169254303 0.4926799237728119 0.46845975518226624 0.11388763785362244 0.5079553723335266 0.5001047849655151 0.1424916833639145 0.506214439868927 0.5322803258895874 0.15974369645118713 0.3844667971134186 0.46319228410720825 0.07677220553159714 0.4396621584892273 0.45393264293670654 0.11286056041717529 0.46019333600997925 0.4859868586063385 0.13632681965827942 0.46483874320983887 0.5233796238899231 0.15351839363574982
0 0 0 0 0 0 0 0 0 0 0 0 0 0 0 0 0 0 0 0 0 0 0 0 0 0 0 0 0 0 0 0 0 0 0 0 0 0 0 0 0 0 0 0 0 0 0 0 0 0 0 0 0 0 0 0 0 0 0 0 0 0 0
0 0 0 0 0 0 0 0 0 0 0 0 0 0 0 0 0 0 0 0 0 0 0 0 0 0 0 0 0 0 0 0 0 0 0 0 0 0 0 0 0 0 0 0 0 0 0 0 0 0 0 0 0 0 0 0 0 0 0 0 0 0 0
0 0 0 0 0 0 0 0 0 0 0 0 0 0 0 0 0 0 0 0 0 0 0 0 0 0 0 0 0 0 0 0 0 0 0 0 0 0 0 0 0 0 0 0 0 0 0 0 0 0 0 0 0 0 0 0 0 0 0 0 0 0 0
0 0 0 0 0 0 0 0 0 0 0 0 0 0 0 0 0 0 0 0 0 0 0 0 0 0 0 0 0 0 0 0 0 0 0 0 0 0 0 0 0 0 0 0 0 0 0 0 0 0 0 0 0 0 0 0 0 0 0 0 0 0 0
0 0 0 0 0 0 0 0 0 0 0 0 0 0 0 0 0 0 0 0 0 0 0 0 0 0 0 0 0 0 0 0 0 0 0 0 0 0 0 0 0 0 0 0 0 0 0 0 0 0 0 0 0 0 0 0 0 0 0 0 0 0 0
0 0 0 0 0 0 0 0 0 0 0 0 0 0 0 0 0 0 0 0 0 0 0 0 0 0 0 0 0 0 0 0 0 0 0 0 0 0 0 0 0 0 0 0 0 0 0 0 0 0 0 0 0 0 0 0 0 0 0 0 0 0 0
0 0 0 0 0 0 0 0 0 0 0 0 0 0 0 0 0 0 0 0 0 0 0 0 0 0 0 0 0 0 0 0 0 0 0 0 0 0 0 0 0 0 0 0 0 0 0 0 0 0 0 0 0 0 0 0 0 0 0 0 0 0 0
0 0 0 0 0 0 0 0 0 0 0 0 0 0 0 0 0 0 0 0 0 0 0 0 0 0 0 0 0 0 0 0 0 0 0 0 0 0 0 0 0 0 0 0 0 0 0 0 0 0 0 0 0 0 0 0 0 0 0 0 0 0 0
0 0 0 0 0 0 0 0 0 0 0 0 0 0 0 0 0 0 0 0 0 0 0 0 0 0 0 0 0 0 0 0 0 0 0 0 0 0 0 0 0 0 0 0 0 0 0 0 0 0 0 0 0 0 0 0 0 0 0 0 0 0 0
0 0 0 0 0 0 0 0 0 0 0 0 0 0 0 0 0 0 0 0 0 0 0 0 0 0 0 0 0 0 0 0 0 0 0 0 0 0 0 0 0 0 0 0 0 0 0 0 0 0 0 0 0 0 0 0 0 0 0 0 0 0 0
0 0 0 0 0 0 0 0 0 0 0 0 0 0 0 0 0 0 0 0 0 0 0 0 0 0 0 0 0 0 0 0 0 0 0 0 0 0 0 0 0 0 0 0 0 0 0 0 0 0 0 0 0 0 0 0 0 0 0 0 0 0 0
0 0 0 0 0 0 0 0 0 0 0 0 0 0 0 0 0 0 0 0 0 0 0 0 0 0 0 0 0 0 0 0 0 0 0 0 0 0 0 0 0 0 0 0 0 0 0 0 0 0 0 0 0 0 0 0 0 0 0 0 0 0 0
0 0 0 0 0 0 0 0 0 0 0 0 0 0 0 0 0 0 0 0 0 0 0 0 0 0 0 0 0 0 0 0 0 0 0 0 0 0 0 0 0 0 0 0 0 0 0 0 0 0 0 0 0 0 0 0 0 0 0 0 0 0 0
0 0 0 0 0 0 0 0 0 0 0 0 0 0 0 0 0 0 0 0 0 0 0 0 0 0 0 0 0 0 0 0 0 0 0 0 0 0 0 0 0 0 0 0 0 0 0 0 0 0 0 0 0 0 0 0 0 0 0 0 0 0 0
0.7079969644546509 0.7626701593399048 6.366581484229528e-09 0.6183534860610962 0.7600134015083313 -0.026399999856948853 0.5537117719650269 0.6865615248680115 -0.03032669797539711 0.5074364542961121 0.6233804225921631 -0.026690369471907616 0.4710051417350769 0.5790994167327881 -0.0172168780118227 0.6486039757728577 0.5274292230606079 -0.011774947866797447 0.5514518022537231 0.4591279625892639 -0.0038816079031676054 0.5019443035125732 0.4806942939758301 0.010704406537115574 0.4816204309463501 0.5214863419532776 0.02236936055123806 0.6671627759933472 0.5046765208244324 0.007900623604655266 0.5716054439544678 0.41495493054389954 0.01224080752581358 0.5074166655540466 0.4003276228904724 0.014188547618687153 0.4672766327857971 0.40882861614227295 0.016915583983063698 0.671825647354126 0.5067969560623169 0.02629183977842331 0.5818361639976501 0.4262382388114929 0.03161635622382164 0.5241353511810303 0.4172916114330292 0.029592569917440414 0.48732250928878784 0.42211610078811646 0.029281675815582275 0.6664512753486633 0.5249661207199097 0.04243411868810654 0.5969130992889404 0.4691149890422821 0.048000287264585495 0.5528370141983032 0.4590839743614197 0.04725072532892227 0.5223500728607178 0.45903345942497253 0.04681557044386864
0.7283335328102112 0.7865422964096069 1.2619530309621041e-08 0.6241374015808105 0.7837660312652588 -0.033212702721357346 0.5331720113754272 0.7259898781776428 -0.026521503925323486 0.46220576763153076 0.6857666969299316 -0.0061851670034229755 0.41305243968963623 0.668791651725769 0.020260615274310112 0.5963132381439209 0.5303636193275452 0.001686596660874784 0.5218536257743835 0.44972163438796997 0.03429494425654411 0.4664621949195862 0.41792893409729004 0.05708014592528343 0.4274214208126068 0.40010201930999756 0.07410527020692825 0.6290900111198425 0.5217244029045105 0.0444609597325325 0.537874698638916 0.4531659483909607 0.08405007421970367 0.47457507252693176 0.44532689452171326 0.11063484847545624 0.43388646841049194 0.4545228183269501 0.12941469252109528 0.6459522843360901 0.5388678312301636 0.08747518062591553 0.5548769235610962 0.49360668659210205 0.12594495713710785 0.5027887225151062 0.5024523138999939 0.14404386281967163 0.4700772762298584 0.522405743598938 0.15683753788471222 0.651445209980011 0.5731674432754517 0.12708187103271484 0.5702657103538513 0.5450901389122009 0.16025038063526154 0.5226720571517944 0.5477662086486816 0.1741686314344406 0.4919477105140686 0.5566393733024597 0.18465971946716309
0 0 0 0 0 0 0 0 0 0 0 0 0 0 0 0 0 0 0 0 0 0 0 0 0 0 0 0 0 0 0 0 0 0 0 0 0 0 0 0 0 0 0 0 0 0 0 0 0 0 0 0 0 0 0 0 0 0 0 0 0 0 0
0 0 0 0 0 0 0 0 0 0 0 0 0 0 0 0 0 0 0 0 0 0 0 0 0 0 0 0 0 0 0 0 0 0 0 0 0 0 0 0 0 0 0 0 0 0 0 0 0 0 0 0 0 0 0 0 0 0 0 0 0 0 0
0 0 0 0 0 0 0 0 0 0 0 0 0 0 0 0 0 0 0 0 0 0 0 0 0 0 0 0 0 0 0 0 0 0 0 0 0 0 0 0 0 0 0 0 0 0 0 0 0 0 0 0 0 0 0 0 0 0 0 0 0 0 0
0 0 0 0 0 0 0 0 0 0 0 0 0 0 0 0 0 0 0 0 0 0 0 0 0 0 0 0 0 0 0 0 0 0 0 0 0 0 0 0 0 0 0 0 0 0 0 0 0 0 0 0 0 0 0 0 0 0 0 0 0 0 0
0 0 0 0 0 0 0 0 0 0 0 0 0 0 0 0 0 0 0 0 0 0 0 0 0 0 0 0 0 0 0 0 0 0 0 0 0 0 0 0 0 0 0 0 0 0 0 0 0 0 0 0 0 0 0 0 0 0 0 0 0 0 0
0 0 0 0 0 0 0 0 0 0 0 0 0 0 0 0 0 0 0 0 0 0 0 0 0 0 0 0 0 0 0 0 0 0 0 0 0 0 0 0 0 0 0 0 0 0 0 0 0 0 0 0 0 0 0 0 0 0 0 0 0 0 0
0 0 0 0 0 0 0 0 0 0 0 0 0 0 0 0 0 0 0 0 0 0 0 0 0 0 0 0 0 0 0 0 0 0 0 0 0 0 0 0 0 0 0 0 0 0 0 0 0 0 0 0 0 0 0 0 0 0 0 0 0 0 0
0 0 0 0 0 0 0 0 0 0 0 0 0 0 0 0 0 0 0 0 0 0 0 0 0 0 0 0 0 0 0 0 0 0 0 0 0 0 0 0 0 0 0 0 0 0 0 0 0 0 0 0 0 0 0 0 0 0 0 0 0 0 0
0 0 0 0 0 0 0 0 0 0 0 0 0 0 0 0 0 0 0 0 0 0 0 0 0 0 0 0 0 0 0 0 0 0 0 0 0 0 0 0 0 0 0 0 0 0 0 0 0 0 0 0 0 0 0 0 0 0 0 0 0 0 0
0.29758477210998535 0.6984182596206665 -2.8012427932821993e-09 0.3415175676345825 0.7713520526885986 -0.15461426973342896 0.43788227438926697 0.7924674153327942 -0.21869045495986938 0.537421464920044 0.7987475395202637 -0.24661435186862946 0.6233817338943481 0.804372251033783 -0.2660064101219177 0.5271235704421997 0.5272210836410522 -0.18382307887077332 0.6408930420875549 0.6839604377746582 -0.20768457651138306 0.614886462688446 0.7713209390640259 -0.20858067274093628 0.5863695740699768 0.7875659465789795 -0.2103593647480011 0.5475331544876099 0.5221196413040161 -0.11025562137365341 0.6512991189956665 0.6838865876197815 -0.14062026143074036 0.6149431467056274 0.7649843096733093 -0.14771586656570435 0.5869778990745544 0.7815658450126648 -0.1509125530719757 0.5576162338256836 0.5463241934776306 -0.03956419229507446 0.6444903016090393 0.7005472183227539 -0.07060262560844421 0.6121944189071655 0.7633503079414368 -0.08164402097463608 0.5886712074279785 0.7707419991493225 -0.08401768654584885 0.5627496242523193 0.5887649655342102 0.02175789512693882 0.638096809387207 0.6957783102989197 -0.0007987149292603135 0.6217047572135925 0.7427956461906433 -0.013920005410909653 0.6011756658554077 0.752124547958374 -0.018945299088954926
0 0 0 0 0 0 0 0 0 0 0 0 0 0 0 0 0 0 0 0 0 0 0 0 0 0 0 0 0 0 0 0 0 0 0 0 0 0 0 0 0 0 0 0 0 0 0 0 0 0 0 0 0 0 0 0 0 0 0 0 0 0 0
0 0 0 0 0 0 0 0 0 0 0 0 0 0 0 0 0 0 0 0 0 0 0 0 0 0 0 0 0 0 0 0 0 0 0 0 0 0 0 0 0 0 0 0 0 0 0 0 0 0 0 0 0 0 0 0 0 0 0 0 0 0 0
0 0 0 0 0 0 0 0 0 0 0 0 0 0 0 0 0 0 0 0 0 0 0 0 0 0 0 0 0 0 0 0 0 0 0 0 0 0 0 0 0 0 0 0 0 0 0 0 0 0 0 0 0 0 0 0 0 0 0 0 0 0 0
0 0 0 0 0 0 0 0 0 0 0 0 0 0 0 0 0 0 0 0 0 0 0 0 0 0 0 0 0 0 0 0 0 0 0 0 0 0 0 0 0 0 0 0 0 0 0 0 0 0 0 0 0 0 0 0 0 0 0 0 0 0 0
0 0 0 0 0 0 0 0 0 0 0 0 0 0 0 0 0 0 0 0 0 0 0 0 0 0 0 0 0 0 0 0 0 0 0 0 0 0 0 0 0 0 0 0 0 0 0 0 0 0 0 0 0 0 0 0 0 0 0 0 0 0 0
0.6938294172286987 0.6538833379745483 1.377230773869087e-08 0.6314206123352051 0.5672316551208496 0.0505710206925869 0.5489223003387451 0.5237916707992554 0.06723526120185852 0.4801424443721771 0.5147372484207153 0.07364176213741302 0.4385278820991516 0.5259491801261902 0.07823007553815842 0.4984561502933502 0.47697675228118896 0.04658558964729309 0.4178258776664734 0.4801371693611145 0.06321056187152863 0.37035754323005676 0.4786296486854553 0.06846749782562256 0.3359452784061432 0.47696855664253235 0.06841282546520233 0.5031796097755432 0.5138117074966431 0.0190497525036335 0.45057693123817444 0.5947575569152832 0.044951245188713074 0.47972339391708374 0.6326495409011841 0.06026133522391319 0.5126479864120483 0.6451112031936646 0.06571847945451736 0.5169045329093933 0.572272002696991 -0.0034885306376963854 0.4823136627674103 0.6476855874061584 0.023595217615365982 0.5140326619148254 0.6703965663909912 0.037807051092386246 0.5452585220336914 0.673010528087616 0.03954830393195152 0.5349642634391785 0.6357767581939697 -0.024446910247206688 0.5124237537384033 0.6934264898300171 -0.00040935486322268844 0.5418296456336975 0.7094303369522095 0.014987805858254433 0.5701212286949158 0.7069162130355835 0.02133435383439064
0.7005288600921631 0.6696183681488037 6.4025238444287424e-09 0.6280567646026611 0.6070277094841003 0.033156126737594604 0.556316077709198 0.5566485524177551 0.05264668166637421 0.5013349056243896 0.5318757891654968 0.0722939521074295 0.4644600749015808 0.5328001976013184 0.09088564664125443 0.5337934494018555 0.4801097512245178 0.01009440328925848 0.4447847604751587 0.47502875328063965 0.03616322576999664 0.40295085310935974 0.4916537404060364 0.05509832128882408 0.37194710969924927 0.5071775913238525 0.06800549477338791 0.5458828210830688 0.5087875723838806 0.01050599291920662 0.4764765202999115 0.5814059972763062 0.05599602684378624 0.48877188563346863 0.6353917121887207 0.08842410147190094 0.5082035064697266 0.664395809173584 0.1042509526014328 0.5604970455169678 0.557274341583252 0.01763659343123436 0.5036399364471436 0.6279357671737671 0.0647231936454773 0.5152809619903564 0.6684646606445312 0.08738775551319122 0.5343164801597595 0.6899718046188354 0.09368260204792023 0.5742990374565125 0.6101775765419006 0.02665644697844982 0.5208489894866943 0.6377508640289307 0.05743967741727829 0.5142049789428711 0.6604167819023132 0.07267823815345764 0.5184382200241089 0.6797088384628296 0.08079714328050613
0.7167989015579224 0.703244686126709 1.5927286156625087e-08 0.6041587591171265 0.7295130491256714 -0.00941198319196701 0.5347835421562195 0.704832911491394 0.01463988609611988 0.5059868097305298 0.6827112436294556 0.050589822232723236 0.4971964955329895 0.6815915107727051 0.09360808879137039 0.5536121726036072 0.513631284236908 0.0295773446559906 0.47616076469421387 0.4701460003852844 0.07435927540063858 0.4271056354045868 0.46747493743896484 0.10535155981779099 0.39251279830932617 0.47486060857772827 0.1291385442018509 0.5911591053009033 0.4933816194534302 0.07133527100086212 0.5094801187515259 0.4728562533855438 0.13294658064842224 0.4713010787963867 0.4966053366661072 0.17362186312675476 0.4511699378490448 0.5203694701194763 0.19939292967319489 0.6159433126449585 0.502631425857544 0.113925501704216 0.5449970364570618 0.4918801784515381 0.17371463775634766 0.5122418999671936 0.5108287930488586 0.19936268031597137 0.4961840808391571 0.5263077616691589 0.21346543729305267 0.6339302659034729 0.5290269255638123 0.15398573875427246 0.5771234631538391 0.518917441368103 0.20244865119457245 0.5504346489906311 0.531921923160553 0.22236719727516174 0.5370170474052429 0.546947717666626 0.2356552630662918
0.6996878385543823 0.7315580248832703 9.245368914889696e-09 0.5869073867797852 0.7620998620986938 0.018456952646374702 0.5181795954704285 0.7240272760391235 0.05629650875926018 0.5015893578529358 0.6826791167259216 0.09940145909786224 0.509654700756073 0.6715272665023804 0.14896619319915771 0.5310342907905579 0.5363155603408813 0.06898011267185211 0.4702759385108948 0.47859644889831543 0.12314210087060928 0.43020501732826233 0.46367403864860535 0.16058602929115295 0.4028950333595276 0.45464491844177246 0.18874065577983856 0.5780789256095886 0.5035766959190369 0.09797994792461395 0.5141844749450684 0.4567855894565582 0.16628776490688324 0.47024136781692505 0.4574345350265503 0.21399912238121033 0.442058801651001 0.46549010276794434 0.24613940715789795 0.6140347719192505 0.5030137300491333 0.12889337539672852 0.5560137629508972 0.4702191650867462 0.19629931449890137 0.5149986147880554 0.47246086597442627 0.2366277575492859 0.4873500466346741 0.48094528913497925 0.2610816955566406 0.6429657340049744 0.5244927406311035 0.15826962888240814 0.5863053202629089 0.49921223521232605 0.21371780335903168 0.5538619756698608 0.49980857968330383 0.24512971937656403 0.5316833853721619 0.5098181962966919 0.2671998143196106
0.6882333755493164 0.7547215819358826 -7.555638781298057e-09 0.6664185523986816 0.6971319317817688 0.1289324015378952 0.6226498484611511 0.6253176331520081 0.19632135331630707 0.5784698128700256 0.5807696580886841 0.239846333861351 0.539358377456665 0.5679442882537842 0.28586241602897644 0.6266666650772095 0.4908216595649719 0.17061688005924225 0.5521720051765442 0.5052953362464905 0.23867887258529663 0.5394169092178345 0.5618549585342407 0.28356680274009705 0.5478309988975525 0.5968833565711975 0.30925631523132324 0.6073322296142578 0.4883607029914856 0.1211540549993515 0.5260033011436462 0.5113087892532349 0.18456928431987762 0.522594153881073 0.5720055103302002 0.21459797024726868 0.5333918333053589 0.6045351028442383 0.23259426653385162 0.5759238004684448 0.5032245516777039 0.08091241121292114 0.4959816634654999 0.5173562169075012 0.13940447568893433 0.4946325123310089 0.5717630982398987 0.1673378050327301 0.5057142972946167 0.6068053245544434 0.18009352684020996 0.5393630862236023 0.530311107635498 0.049228962510824203 0.46336978673934937 0.4692418873310089 0.08505111932754517 0.42506879568099976 0.4401141405105591 0.10460581630468369 0.397278755903244 0.4213331341743469 0.11620564013719559
0 0 0 0 0 0 0 0 0 0 0 0 0 0 0 0 0 0 0 0 0 0 0 0 0 0 0 0 0 0 0 0 0 0 0 0 0 0 0 0 0 0 0 0 0 0 0 0 0 0 0 0 0 0 0 0 0 0 0 0 0 0 0
0 0 0 0 0 0 0 0 0 0 0 0 0 0 0 0 0 0 0 0 0 0 0 0 0 0 0 0 0 0 0 0 0 0 0 0 0 0 0 0 0 0 0 0 0 0 0 0 0 0 0 0 0 0 0 0 0 0 0 0 0 0 0
0 0 0 0 0 0 0 0 0 0 0 0 0 0 0 0 0 0 0 0 0 0 0 0 0 0 0 0 0 0 0 0 0 0 0 0 0 0 0 0 0 0 0 0 0 0 0 0 0 0 0 0 0 0 0 0 0 0 0 0 0 0 0
0.2339990735054016 0.6976887583732605 1.1905120445021566e-08 0.33829987049102783 0.649512529373169 -0.029538072645664215 0.4458879232406616 0.6729902625083923 -0.04338713735342026 0.5254271626472473 0.724824845790863 -0.060506999492645264 0.5943082571029663 0.754313588142395 -0.07936543226242065 0.46621862053871155 0.7244018912315369 0.020967312157154083 0.5518420934677124 0.7559337615966797 0.017642417922616005 0.6031079888343811 0.7690989971160889 0.008573696948587894 0.6448403596878052 0.7803578972816467 -0.00043636682676151395 0.446796715259552 0.7583209872245789 0.01917957328259945 0.5297081470489502 0.786876380443573 0.029666859656572342 0.5829208493232727 0.7898036241531372 0.019615022465586662 0.6285234093666077 0.791629433631897 0.005519349128007889 0.4154340624809265 0.7882134914398193 0.01043394859880209 0.4902280569076538 0.8097012639045715 0.017504945397377014 0.540945291519165 0.8090547323226929 0.009253773838281631 0.5819835662841797 0.8106777667999268 -0.003953808918595314 0.37525784969329834 0.8132275938987732 -0.005428176373243332 0.43005675077438354 0.8245741128921509 -0.002221342409029603 0.46433475613594055 0.8250905275344849 -0.004463430494070053 0.49288222193717957 0.8295910954475403 -0.010792494751513004
0.24877992272377014 0.7283717393875122 1.4719161889331644e-08 0.3407115340232849 0.6880321502685547 -0.04775539040565491 0.45130017399787903 0.6904951930046082 -0.04879125580191612 0.531061053276062 0.7345131039619446 -0.04916318506002426 0.5915024280548096 0.7696762681007385 -0.04860518500208855 0.491251677274704 0.7072164416313171 0.06831764429807663 0.5621616840362549 0.7291890382766724 0.08958510309457779 0.6077006459236145 0.7447608709335327 0.09136075526475906 0.640039324760437 0.7585107684135437 0.08960483968257904 0.47457247972488403 0.7372731566429138 0.08908765763044357 0.5345581769943237 0.7377625107765198 0.12468361109495163 0.5693859457969666 0.7272955179214478 0.11790540814399719 0.5936849117279053 0.7220151424407959 0.10928399860858917 0.45235884189605713 0.7568519115447998 0.09876489639282227 0.502035915851593 0.7379562258720398 0.12254572659730911 0.5073065161705017 0.7078573107719421 0.11270318925380707 0.5076274871826172 0.6880279183387756 0.10342708230018616 0.42680343985557556 0.7752100229263306 0.099678635597229 0.4705897867679596 0.7485854029655457 0.11363597959280014 0.47559189796447754 0.7225199937820435 0.11162979900836945 0.4735024571418762 0.7059019804000854 0.11024277657270432
0.24680449068546295 0.7501088976860046 1.3768593376539684e-08 0.3488808274269104 0.7551423907279968 -0.06394904851913452 0.463440865278244 0.7450512051582336 -0.07426174730062485 0.5435545444488525 0.7722517251968384 -0.07612699270248413 0.6047674417495728 0.796095609664917 -0.07477585226297379 0.47866761684417725 0.57242751121521 0.03713200241327286 0.5470970273017883 0.6356395483016968 0.05655704066157341 0.5532353520393372 0.7036972641944885 0.05578087642788887 0.5417033433914185 0.7449433207511902 0.0532219372689724 0.468231737613678 0.6011061072349548 0.0761222243309021 0.5310364365577698 0.6747084856033325 0.11347423493862152 0.5506947040557861 0.7305175065994263 0.09610211849212646 0.5600343942642212 0.7611590623855591 0.07606648653745651 0.45825618505477905 0.6444843411445618 0.10608339309692383 0.5328196287155151 0.7058789134025574 0.14437107741832733 0.5722708106040955 0.7509544491767883 0.12354298681020737 0.5963061451911926 0.7818610072135925 0.09678565710783005 0.45610713958740234 0.7009153962135315 0.12748385965824127 0.5257951617240906 0.7367120385169983 0.15479284524917603 0.5681455135345459 0.7620446681976318 0.14523063600063324 0.6027791500091553 0.7856850028038025 0.12964370846748352
0.6938063502311707 0.6626754999160767 1.0582087206501e-08 0.6242073178291321 0.7035202980041504 -0.05101291835308075 0.5606459379196167 0.6868107914924622 -0.06193237006664276 0.5239737629890442 0.6624081134796143 -0.05516522750258446 0.5051624774932861 0.6562120914459229 -0.04502970725297928 0.5744266510009766 0.5078684091567993 -0.06394755095243454 0.5008223056793213 0.43861880898475647 -0.05613532289862633 0.45008403062820435 0.3992527723312378 -0.05181519687175751 0.41234514117240906 0.37393486499786377 -0.04751738905906677 0.5931476354598999 0.47121697664260864 -0.01763232611119747 0.51744544506073 0.4254280924797058 0.0004244591109454632 0.4722409248352051 0.4314141273498535 0.01381672639399767 0.4399275779724121 0.44787633419036865 0.021046573296189308 0.6035158634185791 0.4612906575202942 0.030021648854017258 0.5286299586296082 0.4262988567352295 0.05074083060026169 0.48623570799827576 0.44211193919181824 0.05580829828977585 0.4587814211845398 0.4678904712200165 0.05719338357448578 0.6085433959960938 0.4668230712413788 0.07375075668096542 0.5461493730545044 0.43822818994522095 0.09116910398006439 0.5113711953163147 0.44084256887435913 0.09425036609172821 0.4868195354938507 0.4533146619796753 0.09507223218679428
0.697260320186615 0.6756245493888855 6.838494215344326e-09 0.614795446395874 0.7289108633995056 -0.008392364718019962 0.5474749207496643 0.71425461769104 0.004218622110784054 0.4961775243282318 0.6953881978988647 0.022850556299090385 0.4624163508415222 0.6879421472549438 0.04764322564005852 0.5923430323600769 0.5159611701965332 0.038355402648448944 0.526996374130249 0.4708162546157837 0.07487690448760986 0.4886983633041382 0.45930343866348267 0.10048092156648636 0.471028596162796 0.4508856534957886 0.1180378794670105 0.6019624471664429 0.4830830991268158 0.06351276487112045 0.5306200981140137 0.4307565689086914 0.10446801036596298 0.4818064570426941 0.41227924823760986 0.12957818806171417 0.44857069849967957 0.3970867395401001 0.1463925838470459 0.6004180312156677 0.4742947220802307 0.08803046494722366 0.5286849141120911 0.43164491653442383 0.1271742582321167 0.4815884828567505 0.4241138994693756 0.1490374356508255 0.44437476992607117 0.4233720600605011 0.16270782053470612 0.5880223512649536 0.4843980371952057 0.10958259552717209 0.5188471674919128 0.4377736449241638 0.14055921137332916 0.48401153087615967 0.41812652349472046 0.15716929733753204 0.45647263526916504 0.40848785638809204 0.16842405498027802
0.6996285915374756 0.6895712614059448 9.750006135789135e-09 0.602229654788971 0.7273945808410645 -0.02272041328251362 0.5280137658119202 0.6875118017196655 -0.011534450575709343 0.5010324120521545 0.6297510266304016 0.011340822093188763 0.5023199915885925 0.6054980754852295 0.03885938599705696 0.5612151026725769 0.5157178044319153 -0.0010298603447154164 0.500871479511261 0.44025906920433044 0.025178540498018265 0.4610259532928467 0.3957442045211792 0.04243839904665947 0.43328550457954407 0.3625127673149109 0.05553828924894333 0.596201479434967 0.48051154613494873 0.03384978324174881 0.5199145674705505 0.4417186975479126 0.06884139776229858 0.4777144491672516 0.4579077363014221 0.09352689981460571 0.4530310034751892 0.4765702784061432 0.11058824509382248 0.6183285713195801 0.47681859135627747 0.06957949697971344 0.5436663627624512 0.45286768674850464 0.10331016778945923 0.5052367448806763 0.4770011901855469 0.1201505959033966 0.48565977811813354 0.5043330788612366 0.13116824626922607 0.633173406124115 0.49422669410705566 0.10245693475008011 0.564192533493042 0.4707987904548645 0.13026930391788483 0.5306949019432068 0.4826139211654663 0.14307816326618195 0.5129815936088562 0.5021134614944458 0.15239477157592773
0.6623335480690002 0.7623889446258545 5.620794496508097e-09 0.5917874574661255 0.7825801372528076 -0.050385765731334686 0.5243237614631653 0.7569860219955444 -0.08428238332271576 0.4898662865161896 0.7171393036842346 -0.1146920770406723 0.4761732518672943 0.6783024072647095 -0.14360523223876953 0.5398903489112854 0.5672286152839661 -0.05504169687628746 0.49621111154556274 0.49103793501853943 -0.08423472195863724 0.46160992980003357 0.44717660546302795 -0.11008567363023758 0.43535059690475464 0.4135361909866333 -0.12895160913467407 0.5768163800239563 0.5357282757759094 -0.04970401152968407 0.5224153995513916 0.4645441770553589 -0.08008699864149094 0.47808903455734253 0.448796808719635 -0.10626528412103653 0.44491493701934814 0.4364827871322632 -0.12581422924995422 0.6146208047866821 0.5282021164894104 -0.04752473905682564 0.5523918271064758 0.5164365172386169 -0.07143637537956238 0.5543966293334961 0.5792458653450012 -0.07540109753608704 0.5694714188575745 0.6220648884773254 -0.07636293768882751 0.650987982749939 0.540083110332489 -0.052897851914167404 0.5935576558113098 0.5330303311347961 -0.07011918723583221 0.5877869725227356 0.5796307325363159 -0.07129653543233871 0.600029468536377 0.6136011481285095 -0.07062164694070816
0.6813904643058777 0.7410550117492676 5.868930230690239e-09 0.6072505712509155 0.794204831123352 -0.06878233700990677 0.5354647636413574 0.7990542054176331 -0.10848180204629898 0.4929776191711426 0.7891669273376465 -0.12927687168121338 0.46602773666381836 0.7979543805122375 -0.14677810668945312 0.5358011722564697 0.6379971504211426 -0.1284300833940506 0.43374279141426086 0.6304184198379517 -0.14853721857070923 0.3887644112110138 0.637042760848999 -0.15218935906887054 0.3666607141494751 0.6486930847167969 -0.15202032029628754 0.5648239254951477 0.5652544498443604 -0.0910271555185318 0.47608983516693115 0.5191396474838257 -0.1065215989947319 0.4315570592880249 0.498843789100647 -0.10656454414129257 0.4003886580467224 0.4929812550544739 -0.10883393883705139 0.5902987122535706 0.5214528441429138 -0.05145683512091637 0.5061328411102295 0.4799398183822632 -0.05685656517744064 0.4643230140209198 0.4676457345485687 -0.05756962671875954 0.4329635500907898 0.46870946884155273 -0.060779910534620285 0.6109459400177002 0.49799591302871704 -0.015535086393356323 0.5468725562095642 0.4677087366580963 -0.014340607449412346 0.5188639163970947 0.45822882652282715 -0.01468613464385271 0.49811920523643494 0.4591032862663269 -0.017841683700680733
0 0 0 0 0 0 0 0 0 0 0 0 0 0 0 0 0 0 0 0 0 0 0 0 0 0 0 0 0 0 0 0 0 0 0 0 0 0 0 0 0 0 0 0 0 0 0 0 0 0 0 0 0 0 0 0 0 0 0 0 0 0 0
0 0 0 0 0 0 0 0 0 0 0 0 0 0 0 0 0 0 0 0 0 0 0 0 0 0 0 0 0 0 0 0 0 0 0 0 0 0 0 0 0 0 0 0 0 0 0 0 0 0 0 0 0 0 0 0 0 0 0 0 0 0 0
0 0 0 0 0 0 0 0 0 0 0 0 0 0 0 0 0 0 0 0 0 0 0 0 0 0 0 0 0 0 0 0 0 0 0 0 0 0 0 0 0 0 0 0 0 0 0 0 0 0 0 0 0 0 0 0 0 0 0 0 0 0 0
0 0 0 0 0 0 0 0 0 0 0 0 0 0 0 0 0 0 0 0 0 0 0 0 0 0 0 0 0 0 0 0 0 0 0 0 0 0 0 0 0 0 0 0 0 0 0 0 0 0 0 0 0 0 0 0 0 0 0 0 0 0 0
0 0 0 0 0 0 0 0 0 0 0 0 0 0 0 0 0 0 0 0 0 0 0 0 0 0 0 0 0 0 0 0 0 0 0 0 0 0 0 0 0 0 0 0 0 0 0 0 0 0 0 0 0 0 0 0 0 0 0 0 0 0 0
0.7033528089523315 0.695776641368866 1.4356302813212096e-08 0.6597226858139038 0.6151883602142334 0.038244836032390594 0.6001928448677063 0.566311240196228 0.04320180043578148 0.5475059747695923 0.558113157749176 0.040064871311187744 0.5137884616851807 0.5767948031425476 0.03628158941864967 0.5736901164054871 0.506369948387146 0.008746614679694176 0.4994582235813141 0.4871220588684082 0.006287804804742336 0.4524409770965576 0.478762686252594 0.0036116791889071465 0.4168322682380676 0.4808746576309204 6.40320431557484e-05 0.5707773566246033 0.5472057461738586 -0.016564983874559402 0.5012553930282593 0.5728274583816528 -0.015333362855017185 0.4829733371734619 0.6001074910163879 -0.00864874292165041 0.4727343022823334 0.6223822236061096 -0.007164765615016222 0.5724895000457764 0.6078591346740723 -0.03655393049120903 0.5206186175346375 0.6764894723892212 -0.028585633262991905 0.5424116253852844 0.7137925028800964 -0.010771950706839561 0.5676923990249634 0.7343180775642395 -0.001814529881812632 0.5778690576553345 0.6782236695289612 -0.05608861520886421 0.5471758842468262 0.7315773367881775 -0.044236306101083755 0.5671840906143188 0.7649163603782654 -0.027578523382544518 0.588752806186676 0.7837141752243042 -0.017033705487847328
0.7012964487075806 0.7145067453384399 1.0142211515073996e-08 0.6288180351257324 0.7294772267341614 -0.014557103626430035 0.5688492059707642 0.7049003839492798 -0.017497593536973 0.5387406349182129 0.6841322183609009 -0.015576442703604698 0.5212116241455078 0.683965802192688 -0.010529682971537113 0.5750832557678223 0.5376312136650085 -0.007883249782025814 0.5099983215332031 0.49777281284332275 -0.002914366079494357 0.4633595049381256 0.4862384796142578 -0.0009028877248056233 0.4284277558326721 0.48624923825263977 0.001829077024012804 0.5868525505065918 0.526435911655426 0.007519866805523634 0.519008994102478 0.4948555827140808 0.019143961369991302 0.4712916612625122 0.4892694652080536 0.026338303461670876 0.4339728355407715 0.4919632077217102 0.029771996662020683 0.5909045338630676 0.5368965268135071 0.02286890335381031 0.5210809111595154 0.5138713121414185 0.03755728155374527 0.48214298486709595 0.5065574049949646 0.04529378563165665 0.45387712121009827 0.5082582235336304 0.048769254237413406 0.590904176235199 0.5649469494819641 0.03496086224913597 0.5345403552055359 0.5520170331001282 0.05145002529025078 0.5058928728103638 0.5523370504379272 0.05962815508246422 0.48320627212524414 0.5589653849601746 0.06354335695505142
0.6846920847892761 0.7199374437332153 8.786638971969296e-09 0.5988574028015137 0.741729736328125 -0.02512076310813427 0.5347694754600525 0.7169743180274963 -0.026289453729987144 0.5155155062675476 0.6862396001815796 -0.01903569884598255 0.51838219165802 0.6776606440544128 -0.007984179072082043 0.5616783499717712 0.5442225933074951 -0.013026705943048 0.5002518892288208 0.49090856313705444 -0.004656312055885792 0.45577508211135864 0.46441543102264404 -0.0014143763110041618 0.42260080575942993 0.446388304233551 0.0021842343267053366 0.5835416316986084 0.5258095264434814 0.013156975619494915 0.5180959701538086 0.48679253458976746 0.03125757724046707 0.47243422269821167 0.4679413437843323 0.041672009974718094 0.4388698935508728 0.45504820346832275 0.0465223528444767 0.5963618159294128 0.5266705751419067 0.038673676550388336 0.532377302646637 0.4957734942436218 0.058257974684238434 0.49495044350624084 0.47933879494667053 0.06703543663024902 0.4667876064777374 0.4673992991447449 0.07075706869363785 0.6051989197731018 0.5425950288772583 0.06028333678841591 0.5507845878601074 0.5245077013969421 0.0791100412607193 0.5243910551071167 0.5195079445838928 0.08772356063127518 0.5046529769897461 0.5166605114936829 0.09191590547561646
0.6667187213897705 0.7390017509460449 -3.904414125344147e-09 0.5993908047676086 0.7808233499526978 0.04141838476061821 0.5350838303565979 0.7581268548965454 0.07189220190048218 0.4900292754173279 0.7232377529144287 0.09270668774843216 0.46984145045280457 0.7066513895988464 0.11774643510580063 0.5786078572273254 0.5533192753791809 0.10167760401964188 0.5055773854255676 0.5791897773742676 0.14329905807971954 0.49428778886795044 0.6082778573036194 0.1641240268945694 0.5036601424217224 0.625499427318573 0.17517803609371185 0.5818614959716797 0.5272250771522522 0.08916537463665009 0.4961661994457245 0.5602259635925293 0.12315770238637924 0.4898466467857361 0.6033449769020081 0.12623295187950134 0.500015377998352 0.6218472719192505 0.12844687700271606 0.5732918381690979 0.5157356262207031 0.07874220609664917 0.4886864721775055 0.5409986972808838 0.10808857530355453 0.48478108644485474 0.5918979644775391 0.11178185790777206 0.4964499771595001 0.6249363422393799 0.11319459229707718 0.5603068470954895 0.5123066306114197 0.07000818103551865 0.4759571850299835 0.4711497128009796 0.08945455402135849 0.43649736046791077 0.4525223970413208 0.09380673617124557 0.4144083559513092 0.43866997957229614 0.09501603245735168
0.6960830688476562 0.7583392262458801 2.8567708199034314e-09 0.6778581738471985 0.6410502195358276 0.015545671805739403 0.6098920702934265 0.5613709092140198 -0.007459426764398813 0.5362594723701477 0.5487462282180786 -0.031636714935302734 0.4799271821975708 0.5772709846496582 -0.05543186515569687 0.5903061628341675 0.5309441685676575 -0.09071886539459229 0.49301809072494507 0.48453429341316223 -0.13083437085151672 0.4323076903820038 0.45370548963546753 -0.1543518602848053 0.38705509901046753 0.42310822010040283 -0.17018923163414001 0.5726762413978577 0.5934641361236572 -0.11335153877735138 0.4628262519836426 0.5817950367927551 -0.1527227759361267 0.4107723832130432 0.5708037614822388 -0.15665303170681 0.3736855089664459 0.5527929067611694 -0.16263218224048615 0.5562692880630493 0.6748815178871155 -0.12632031738758087 0.4606392979621887 0.7093889713287354 -0.13452714681625366 0.48214563727378845 0.7287974953651428 -0.10117978602647781 0.5116382837295532 0.732511043548584 -0.08465928584337234 0.5406256914138794 0.7610799074172974 -0.1415238231420517 0.47064924240112305 0.7848907709121704 -0.1350579410791397 0.4913346469402313 0.7948319911956787 -0.10754236578941345 0.5214987397193909 0.7964338064193726 -0.09223976731300354
0.6703085899353027 0.746762752532959 6.3162812757866504e-09 0.5861904621124268 0.7868188619613647 -0.06844077259302139 0.500221312046051 0.7489567399024963 -0.10840689390897751 0.4487716257572174 0.6725037693977356 -0.13034090399742126 0.4203464388847351 0.6096577644348145 -0.14904819428920746 0.5440794825553894 0.6187171339988708 -0.13616035878658295 0.43737682700157166 0.6016497015953064 -0.17145855724811554 0.37425586581230164 0.5929184556007385 -0.18802636861801147 0.32362478971481323 0.5887976884841919 -0.19619783759117126 0.5643690228462219 0.5589315891265869 -0.10160665959119797 0.45952579379081726 0.5002367496490479 -0.13671240210533142 0.3939502537250519 0.4677160084247589 -0.149919331073761 0.3403642773628235 0.4445899724960327 -0.1588951200246811 0.5769513249397278 0.5228198766708374 -0.06421060860157013 0.4769877791404724 0.46854740381240845 -0.08290961384773254 0.4288381040096283 0.4697381556034088 -0.07943233847618103 0.39872291684150696 0.4824868142604828 -0.0766412541270256 0.5836275815963745 0.503386378288269 -0.03117980808019638 0.5071167349815369 0.461742639541626 -0.034174881875514984 0.47545120120048523 0.4630604088306427 -0.02896602265536785 0.45565932989120483 0.47428807616233826 -0.02689674124121666
0.6691833138465881 0.7271047234535217 9.939131295766401e-09 0.5957712531089783 0.7891134023666382 -0.08589774370193481 0.5091922283172607 0.7835692167282104 -0.13856609165668488 0.4492383599281311 0.7348809242248535 -0.16824208199977875 0.41231757402420044 0.6896963715553284 -0.19810299575328827 0.5375418066978455 0.6543741822242737 -0.19695337116718292 0.4286079406738281 0.555843710899353 -0.23920421302318573 0.353243887424469 0.500643253326416 -0.2572117745876312 0.2965170741081238 0.4555211365222931 -0.26769453287124634 0.564344584941864 0.5767223238945007 -0.15627315640449524 0.4525972008705139 0.4928131103515625 -0.19975681602954865 0.3837205767631531 0.45840024948120117 -0.20811854302883148 0.33990758657455444 0.4358846843242645 -0.21332985162734985 0.5799096822738647 0.5222235918045044 -0.1095360666513443 0.47935739159584045 0.4567308723926544 -0.13846996426582336 0.41881605982780457 0.4369962215423584 -0.14386306703090668 0.3810064494609833 0.42765742540359497 -0.1471124291419983 0.5897223949432373 0.4860333800315857 -0.06687258929014206 0.5117319822311401 0.4367962181568146 -0.08359947800636292 0.46815791726112366 0.42279207706451416 -0.09008139371871948 0.44023728370666504 0.4142579436302185 -0.09603835642337799
0 0 0 0 0 0 0 0 0 0 0 0 0 0 0 0 0 0 0 0 0 0 0 0 0 0 0 0 0 0 0 0 0 0 0 0 0 0 0 0 0 0 0 0 0 0 0 0 0 0 0 0 0 0 0 0 0 0 0 0 0 0 0
0 0 0 0 0 0 0 0 0 0 0 0 0 0 0 0 0 0 0 0 0 0 0 0 0 0 0 0 0 0 0 0 0 0 0 0 0 0 0 0 0 0 0 0 0 0 0 0 0 0 0 0 0 0 0 0 0 0 0 0 0 0 0
0 0 0 0 0 0 0 0 0 0 0 0 0 0 0 0 0 0 0 0 0 0 0 0 0 0 0 0 0 0 0 0 0 0 0 0 0 0 0 0 0 0 0 0 0 0 0 0 0 0 0 0 0 0 0 0 0 0 0 0 0 0 0
0 0 0 0 0 0 0 0 0 0 0 0 0 0 0 0 0 0 0 0 0 0 0 0 0 0 0 0 0 0 0 0 0 0 0 0 0 0 0 0 0 0 0 0 0 0 0 0 0 0 0 0 0 0 0 0 0 0 0 0 0 0 0
0.6902117133140564 0.7073377966880798 1.2785842606888309e-08 0.585727334022522 0.7242735028266907 0.011841492727398872 0.519234299659729 0.674026608467102 0.03294031694531441 0.4989185035228729 0.6181991696357727 0.06026657298207283 0.49401381611824036 0.5886853933334351 0.09135373681783676 0.5454304218292236 0.5218786597251892 0.017000915482640266 0.4884782135486603 0.4673486053943634 0.047984614968299866 0.4505367577075958 0.4293168783187866 0.06878537684679031 0.4231632947921753 0.39594027400016785 0.08360467851161957 0.5805413722991943 0.5028685927391052 0.03784264996647835 0.52254718542099 0.4638727009296417 0.07954233139753342 0.4846870005130768 0.4636121094226837 0.11124242097139359 0.45700353384017944 0.46900415420532227 0.12997236847877502 0.6083930730819702 0.5147742629051208 0.06273794919252396 0.5511806011199951 0.4927152991294861 0.10698510706424713 0.5200971961021423 0.5019418597221375 0.13364277780056 0.499659925699234 0.5166083574295044 0.1474888026714325 0.6323256492614746 0.5455479621887207 0.08741821348667145 0.5803564786911011 0.5422888994216919 0.1271509975194931 0.557915449142456 0.5606793165206909 0.14934825897216797 0.5462052226066589 0.5852296948432922 0.16290730237960815
0.6630642414093018 0.7422789931297302 8.850112642733166e-09 0.5607302188873291 0.7679665088653564 0.0010609583696350455 0.4959837794303894 0.7263643741607666 0.01711169071495533 0.4866217076778412 0.6786124110221863 0.040435709059238434 0.5096808075904846 0.662497878074646 0.06819191575050354 0.5221027731895447 0.5338558554649353 0.012855324894189835 0.4679623246192932 0.4683830142021179 0.04481026157736778 0.4325276017189026 0.43142545223236084 0.06308755278587341 0.40607112646102905 0.4020453095436096 0.07558201253414154 0.5694956183433533 0.4934694766998291 0.036903660744428635 0.5099090933799744 0.4652199447154999 0.08742515742778778 0.4745999276638031 0.47824355959892273 0.11735397577285767 0.4528310000896454 0.493802547454834 0.13278372585773468 0.6080866456031799 0.48948556184768677 0.06372764706611633 0.5437881946563721 0.4878852963447571 0.11540033668279648 0.5232610702514648 0.513038694858551 0.13640707731246948 0.5166100263595581 0.5359526872634888 0.1444067806005478 0.6397582292556763 0.5064592361450195 0.08944593369960785 0.5852311849594116 0.5062265992164612 0.13169613480567932 0.5709854960441589 0.5263655781745911 0.15008075535297394 0.5700578093528748 0.5467188954353333 0.15992549061775208
0 0 0 0 0 0 0 0 0 0 0 0 0 0 0 0 0 0 0 0 0 0 0 0 0 0 0 0 0 0 0 0 0 0 0 0 0 0 0 0 0 0 0 0 0 0 0 0 0 0 0 0 0 0 0 0 0 0 0 0 0 0 0
0 0 0 0 0 0 0 0 0 0 0 0 0 0 0 0 0 0 0 0 0 0 0 0 0 0 0 0 0 0 0 0 0 0 0 0 0 0 0 0 0 0 0 0 0 0 0 0 0 0 0 0 0 0 0 0 0 0 0 0 0 0 0
0 0 0 0 0 0 0 0 0 0 0 0 0 0 0 0 0 0 0 0 0 0 0 0 0 0 0 0 0 0 0 0 0 0 0 0 0 0 0 0 0 0 0 0 0 0 0 0 0 0 0 0 0 0 0 0 0 0 0 0 0 0 0
0 0 0 0 0 0 0 0 0 0 0 0 0 0 0 0 0 0 0 0 0 0 0 0 0 0 0 0 0 0 0 0 0 0 0 0 0 0 0 0 0 0 0 0 0 0 0 0 0 0 0 0 0 0 0 0 0 0 0 0 0 0 0
0.2279888242483139 0.7796741127967834 8.115195626601235e-09 0.3147455155849457 0.7774713635444641 -0.07198663800954819 0.4208061695098877 0.7912548780441284 -0.08352233469486237 0.5041777491569519 0.8183210492134094 -0.0874626636505127 0.584874153137207 0.8348893523216248 -0.08957196772098541 0.4602878987789154 0.7150687575340271 0.04856304079294205 0.5347970724105835 0.7680624127388 0.07215522974729538 0.5748360753059387 0.8102505803108215 0.07493317127227783 0.6015651226043701 0.8383790254592896 0.07448934018611908 0.439817875623703 0.7489224076271057 0.08971785753965378 0.5049917101860046 0.8138241767883301 0.12685006856918335 0.5231086015701294 0.8529031872749329 0.1252385824918747 0.5445821285247803 0.8750535845756531 0.12337461113929749 0.421387255191803 0.786792516708374 0.11964048445224762 0.47250786423683167 0.8405556678771973 0.15884529054164886 0.49590277671813965 0.8762945532798767 0.15967385470867157 0.5181499719619751 0.8961050510406494 0.15445955097675323 0.40385711193084717 0.8285611271858215 0.1383950263261795 0.45248448848724365 0.8648900389671326 0.17037148773670197 0.4681667685508728 0.8901629447937012 0.17559149861335754 0.4778745770454407 0.907309889793396 0.17690126597881317
0.22013695538043976 0.8263916969299316 1.676864158639546e-08 0.32986292243003845 0.8180943131446838 -0.06795696169137955 0.43746885657310486 0.8168042302131653 -0.07353661209344864 0.5172913074493408 0.8558809161186218 -0.06900384277105331 0.5896579027175903 0.8696988224983215 -0.062222279608249664 0.4605388939380646 0.6536533832550049 0.04660917818546295 0.5213218331336975 0.7391408681869507 0.06508021056652069 0.5456529855728149 0.8085829019546509 0.0580456517636776 0.552571177482605 0.8568691611289978 0.050995755940675735 0.43356946110725403 0.6805248856544495 0.08845783025026321 0.4885963797569275 0.7743815779685974 0.11860782653093338 0.5023306608200073 0.8314354419708252 0.0936167985200882 0.5076209306716919 0.8622099161148071 0.0721467062830925 0.4088965058326721 0.7170222997665405 0.12055955827236176 0.46400222182273865 0.7937370538711548 0.14871515333652496 0.4791092276573181 0.8318790197372437 0.11999112367630005 0.48392409086227417 0.8539959192276001 0.09417863935232162 0.3940717279911041 0.760683000087738 0.1444377303123474 0.44333353638648987 0.8043246269226074 0.1637313961982727 0.4563039243221283 0.8326906561851501 0.14915701746940613 0.46131524443626404 0.8548790216445923 0.13494820892810822
0 0 0 0 0 0 0 0 0 0 0 0 0 0 0 0 0 0 0 0 0 0 0 0 0 0 0 0 0 0 0 0 0 0 0 0 0 0 0 0 0 0 0 0 0 0 0 0 0 0 0 0 0 0 0 0 0 0 0 0 0 0 0
0 0 0 0 0 0 0 0 0 0 0 0 0 0 0 0 0 0 0 0 0 0 0 0 0 0 0 0 0 0 0 0 0 0 0 0 0 0 0 0 0 0 0 0 0 0 0 0 0 0 0 0 0 0 0 0 0 0 0 0 0 0 0
0.6598290801048279 0.7505468130111694 1.2795012160893293e-08 0.5621134638786316 0.7961730360984802 0.02873694710433483 0.49503156542778015 0.7705004811286926 0.06110738217830658 0.4780007600784302 0.7372220158576965 0.09311966598033905 0.4792443811893463 0.719017744064331 0.12943632900714874 0.5056930780410767 0.5852953791618347 0.07607237249612808 0.4414305090904236 0.5704654455184937 0.12383729964494705 0.40176159143447876 0.5605315566062927 0.1502194106578827 0.3724745512008667 0.5483300089836121 0.16704654693603516 0.5316837430000305 0.5562846660614014 0.08847679197788239 0.4677133858203888 0.545116662979126 0.15142463147640228 0.4313840866088867 0.55121248960495 0.18406888842582703 0.40528160333633423 0.5571620464324951 0.20084336400032043 0.5489192008972168 0.5604865550994873 0.10226622223854065 0.4905674159526825 0.570609986782074 0.16488993167877197 0.47611886262893677 0.594258189201355 0.18975774943828583 0.4675133526325226 0.6124106645584106 0.19971466064453125 0.5636186003684998 0.5853273272514343 0.1155197024345398 0.5103831887245178 0.6005733609199524 0.1655111461877823 0.4996991753578186 0.6239965558052063 0.18724165856838226 0.4953068196773529 0.6468940377235413 0.19926750659942627
0.20858293771743774 0.7811798453330994 9.824290714277595e-09 0.30418431758880615 0.7372071743011475 0.011903231963515282 0.40219980478286743 0.7595888376235962 0.029767213389277458 0.46485355496406555 0.8105539679527283 0.036535948514938354 0.5130996108055115 0.8559291362762451 0.04319532960653305 0.4195219874382019 0.7428976893424988 0.11506301164627075 0.48990702629089355 0.762572705745697 0.14320847392082214 0.5340741276741028 0.7626046538352966 0.1509709358215332 0.5611992478370667 0.7620571255683899 0.15416695177555084 0.41323575377464294 0.7793245911598206 0.10545922070741653 0.4883396625518799 0.8027143478393555 0.1447933465242386 0.535984456539154 0.8059937357902527 0.1462472677230835 0.5675137042999268 0.8099864721298218 0.1435343623161316 0.4046666622161865 0.814951479434967 0.08787859231233597 0.4809190630912781 0.8375180959701538 0.12089134752750397 0.5243556499481201 0.844414234161377 0.12069787085056305 0.5532311201095581 0.8488191366195679 0.11417990922927856 0.3960753083229065 0.8550571799278259 0.06547861546278 0.4562855362892151 0.8722271919250488 0.08945011347532272 0.49348655343055725 0.8846635222434998 0.09360186010599136 0.5207083225250244 0.894568145275116 0.09259577840566635
0.6342315077781677 0.7956320643424988 6.7859771135658775e-09 0.549807608127594 0.8306212425231934 -0.012663830071687698 0.4689021706581116 0.7903016805648804 -0.025831475853919983 0.4169921576976776 0.7229824662208557 -0.032604362815618515 0.3873332142829895 0.6716827154159546 -0.03949250280857086 0.5035064220428467 0.6610125303268433 -0.06926038861274719 0.42082932591438293 0.6010476350784302 -0.07496039569377899 0.36062416434288025 0.5711523294448853 -0.0721806138753891 0.31669899821281433 0.5538433194160461 -0.0693606361746788 0.5296133756637573 0.6107082962989807 -0.06161807104945183 0.4398675262928009 0.559868335723877 -0.0626545324921608 0.4090949594974518 0.5796117782592773 -0.048622481524944305 0.40013766288757324 0.603824257850647 -0.0391397625207901 0.5486327409744263 0.5808097124099731 -0.04845281317830086 0.46391481161117554 0.5535777807235718 -0.03504041209816933 0.45098555088043213 0.5913077592849731 -0.011855848133563995 0.46090105175971985 0.626610279083252 0.00011184105824213475 0.5618780255317688 0.5684545636177063 -0.03723646700382233 0.48701274394989014 0.5462974309921265 -0.02072462998330593 0.47186478972435 0.5766193866729736 -0.004671276081353426 0.4771246016025543 0.6047502756118774 0.004661560989916325
0.6435925364494324 0.8004412651062012 4.974443523764194e-09 0.5505906343460083 0.8699593544006348 -0.04967902600765228 0.4500943124294281 0.8361690044403076 -0.0656997337937355 0.37854713201522827 0.763759970664978 -0.06340871751308441 0.3366296589374542 0.7101996541023254 -0.05932796746492386 0.47469785809516907 0.6943363547325134 -0.10033054649829865 0.3767493665218353 0.6166597008705139 -0.0985817164182663 0.31675174832344055 0.5821151733398438 -0.08428673446178436 0.2758851647377014 0.5556749105453491 -0.07219499349594116 0.5114700198173523 0.6214990019798279 -0.0610821358859539 0.41438618302345276 0.5656035542488098 -0.04916808009147644 0.35920125246047974 0.5622498393058777 -0.02141622081398964 0.3320598006248474 0.5702860951423645 -0.002487579360604286 0.5421812534332275 0.5778344869613647 -0.018243638798594475 0.4516029953956604 0.5324486494064331 -0.007655472494661808 0.4022258520126343 0.5340585112571716 0.011189408600330353 0.3775559365749359 0.5447186231613159 0.024349013343453407 0.5691013932228088 0.5560023784637451 0.022338643670082092 0.4979315996170044 0.504210889339447 0.028575055301189423 0.4592309296131134 0.4982975721359253 0.03822874650359154 0.43824148178100586 0.5013515949249268 0.046606872230768204
0.6415776014328003 0.779994785785675 5.713422179809413e-09 0.543720006942749 0.8012787103652954 0.014539172872900963 0.45977044105529785 0.7525252103805542 0.021711092442274094 0.41715651750564575 0.6737964153289795 0.02815263718366623 0.40073883533477783 0.6153867244720459 0.033497683703899384 0.4459781348705292 0.6849125623703003 -0.012728371657431126 0.36640170216560364 0.6175925731658936 -0.009401406161487103 0.3143965005874634 0.5831419229507446 -0.00337938591837883 0.2750239670276642 0.5599238276481628 0.0009228842682205141 0.47935542464256287 0.6239950656890869 -0.01702011004090309 0.4034773111343384 0.5547931790351868 -0.009392655454576015 0.3574100732803345 0.5413895845413208 0.0005107545293867588 0.3288404047489166 0.5410501956939697 0.00632143672555685 0.5189124345779419 0.5757998824119568 -0.01641843654215336 0.44867318868637085 0.5081073641777039 -0.006596201565116644 0.41277483105659485 0.5033147931098938 0.0043084267526865005 0.3930397927761078 0.5125696659088135 0.009940583258867264 0.5633151531219482 0.5418609380722046 -0.015024281106889248 0.5091912746429443 0.4817713499069214 -0.005494481418281794 0.4846554696559906 0.47403374314308167 0.0044294255785644054 0.4722956717014313 0.4801475703716278 0.010762540623545647
0.6447464823722839 0.7316961288452148 5.414852566332229e-09 0.5392622351646423 0.7527878284454346 0.02954554185271263 0.46672523021698 0.6985950469970703 0.051118940114974976 0.4404315948486328 0.6255586743354797 0.06914887577295303 0.43434303998947144 0.5782208442687988 0.09033278375864029 0.4564426839351654 0.5644136071205139 0.04970361292362213 0.38347727060317993 0.5498802661895752 0.07764272391796112 0.33545589447021484 0.554441511631012 0.09458468109369278 0.3005756735801697 0.559617280960083 0.1057206392288208 0.4853896498680115 0.5192073583602905 0.046159856021404266 0.4126328229904175 0.50080806016922 0.08139360696077347 0.365642249584198 0.5188401341438293 0.10106652975082397 0.334913969039917 0.539125382900238 0.11179891228675842 0.513237714767456 0.4980870485305786 0.045315954834222794 0.4418812394142151 0.48466914892196655 0.08253751695156097 0.4110640585422516 0.5130460262298584 0.10419279336929321 0.3988291919231415 0.5423836708068848 0.11445900052785873 0.5433353185653687 0.4948175251483917 0.04443426802754402 0.48093873262405396 0.48679208755493164 0.07933712005615234 0.45932886004447937 0.5096455216407776 0.10033109784126282 0.4538460373878479 0.5384024977684021 0.11260198056697845
0.6917367577552795 0.7424511909484863 1.4963299932446716e-08 0.6402238011360168 0.6461443305015564 0.08137651532888412 0.573156476020813 0.5860471725463867 0.12389830499887466 0.5245726704597473 0.5670323371887207 0.1559574156999588 0.4948791563510895 0.5751698613166809 0.18767623603343964 0.5406166911125183 0.5011917352676392 0.09816532582044601 0.45129290223121643 0.5179300308227539 0.14330272376537323 0.4005221128463745 0.5316333770751953 0.16433925926685333 0.3626035451889038 0.5459485054016113 0.1738647222518921 0.5374783277511597 0.5447072386741638 0.07487316429615021 0.4800983667373657 0.6025132536888123 0.1329907327890396 0.4929836094379425 0.6366075277328491 0.15690813958644867 0.5071797370910645 0.6571065187454224 0.16533128917217255 0.5394707918167114 0.6130868196487427 0.05934973061084747 0.496078759431839 0.6816309690475464 0.11886342614889145 0.5300907492637634 0.7148246765136719 0.13441601395606995 0.5585787296295166 0.7309311628341675 0.1333748996257782 0.5439764857292175 0.688518226146698 0.04872821271419525 0.5150505304336548 0.7393995523452759 0.0953933522105217 0.5436972975730896 0.7639082670211792 0.11267843097448349 0.5681982040405273 0.7726983428001404 0.11856330931186676
0.7193045616149902 0.7262505888938904 7.086166764480595e-09 0.6541591286659241 0.6581875085830688 0.06202640011906624 0.5842020511627197 0.6187312006950378 0.08261695504188538 0.5290694832801819 0.6124657392501831 0.09090366959571838 0.49378538131713867 0.6232226490974426 0.0987834706902504 0.5614681839942932 0.5201992988586426 0.06178876385092735 0.48234328627586365 0.5192278027534485 0.07605814188718796 0.43285343050956726 0.5357099175453186 0.07753843069076538 0.39859649538993835 0.5570674538612366 0.07484859973192215 0.5604926347732544 0.5615682601928711 0.02933918870985508 0.4960840940475464 0.6413312554359436 0.049872152507305145 0.4949556589126587 0.6946766972541809 0.05535132810473442 0.5006470084190369 0.7261154651641846 0.05338921397924423 0.5632830262184143 0.62677001953125 0.0022140659857541323 0.520058274269104 0.7358210682868958 0.028168434277176857 0.5587640404701233 0.7787162661552429 0.037212956696748734 0.5927539467811584 0.7906621694564819 0.035811107605695724 0.566024661064148 0.7015977501869202 -0.022769076749682426 0.5363391637802124 0.7770944833755493 -0.0010111171286553144 0.5662328004837036 0.8058910965919495 0.010633022524416447 0.5937970280647278 0.810197651386261 0.014915956184267998
0.7216606140136719 0.7374247312545776 1.2135112470446074e-08 0.6166226267814636 0.732286810874939 0.003373373532667756 0.5409387946128845 0.7077125906944275 0.020906075835227966 0.49605900049209595 0.7048642039299011 0.039045900106430054 0.47693875432014465 0.709248960018158 0.05855877697467804 0.5579160451889038 0.5275669693946838 0.04776105657219887 0.47628915309906006 0.5342130661010742 0.07111038267612457 0.4343072474002838 0.5793181657791138 0.077756367623806 0.4128475785255432 0.6175013184547424 0.07969111204147339 0.5763422846794128 0.5601668953895569 0.053512267768383026 0.4900150001049042 0.628172755241394 0.07605736702680588 0.4931328296661377 0.6984604597091675 0.06922424584627151 0.5200867652893066 0.7369983792304993 0.06223953142762184 0.5872320532798767 0.6107456684112549 0.05917616933584213 0.5241589546203613 0.7097097039222717 0.07356458902359009 0.5553245544433594 0.7736426591873169 0.0508599616587162 0.5921348333358765 0.7977973818778992 0.03542187809944153 0.5933695435523987 0.6665206551551819 0.06477120518684387 0.5479990243911743 0.7438160181045532 0.07230561226606369 0.569150447845459 0.7862967848777771 0.05905113369226456 0.5939429402351379 0.7985904812812805 0.049855466932058334
0 0 0 0 0 0 0 0 0 0 0 0 0 0 0 0 0 0 0 0 0 0 0 0 0 0 0 0 0 0 0 0 0 0 0 0 0 0 0 0 0 0 0 0 0 0 0 0 0 0 0 0 0 0 0 0 0 0 0 0 0 0 0
0 0 0 0 0 0 0 0 0 0 0 0 0 0 0 0 0 0 0 0 0 0 0 0 0 0 0 0 0 0 0 0 0 0 0 0 0 0 0 0 0 0 0 0 0 0 0 0 0 0 0 0 0 0 0 0 0 0 0 0 0 0 0
0.268394410610199 0.7481448650360107 -6.222854675996814e-09 0.3326322138309479 0.7894365787506104 -0.1108243390917778 0.44107291102409363 0.812663197517395 -0.14236266911029816 0.5311871767044067 0.8432914018630981 -0.15024274587631226 0.6002888679504395 0.8700277805328369 -0.1530630886554718 0.47950035333633423 0.5947865843772888 -0.053174544125795364 0.5449327230453491 0.5642626881599426 -0.043123021721839905 0.578507125377655 0.5721585750579834 -0.04120893403887749 0.5911597013473511 0.5998672246932983 -0.03964323550462723 0.47479134798049927 0.5930453538894653 0.012732919305562973 0.5442740321159363 0.5925432443618774 0.031531982123851776 0.5821895599365234 0.6168142557144165 0.02801309898495674 0.6040158867835999 0.652475893497467 0.023979827761650085 0.4675942659378052 0.6116336584091187 0.07048468291759491 0.5336161255836487 0.608729362487793 0.08617227524518967 0.5768194794654846 0.62784343957901 0.07924080640077591 0.6033337116241455 0.6595166325569153 0.07253164052963257 0.4605548083782196 0.6412270069122314 0.11777640134096146 0.5295252799987793 0.634729266166687 0.12691491842269897 0.5618126392364502 0.6519477367401123 0.12313345074653625 0.5801325440406799 0.6809232831001282 0.12040319293737411
0 0 0 0 0 0 0 0 0 0 0 0 0 0 0 0 0 0 0 0 0 0 0 0 0 0 0 0 0 0 0 0 0 0 0 0 0 0 0 0 0 0 0 0 0 0 0 0 0 0 0 0 0 0 0 0 0 0 0 0 0 0 0
0 0 0 0 0 0 0 0 0 0 0 0 0 0 0 0 0 0 0 0 0 0 0 0 0 0 0 0 0 0 0 0 0 0 0 0 0 0 0 0 0 0 0 0 0 0 0 0 0 0 0 0 0 0 0 0 0 0 0 0 0 0 0
0 0 0 0 0 0 0 0 0 0 0 0 0 0 0 0 0 0 0 0 0 0 0 0 0 0 0 0 0 0 0 0 0 0 0 0 0 0 0 0 0 0 0 0 0 0 0 0 0 0 0 0 0 0 0 0 0 0 0 0 0 0 0
0 0 0 0 0 0 0 0 0 0 0 0 0 0 0 0 0 0 0 0 0 0 0 0 0 0 0 0 0 0 0 0 0 0 0 0 0 0 0 0 0 0 0 0 0 0 0 0 0 0 0 0 0 0 0 0 0 0 0 0 0 0 0
0.23986832797527313 0.7241426110267639 1.0203441647149702e-08 0.31867125630378723 0.6814101934432983 0.034926656633615494 0.4077898859977722 0.7050728797912598 0.0498124361038208 0.4661465287208557 0.7490492463111877 0.05267886072397232 0.5095034241676331 0.7938206195831299 0.051842719316482544 0.43859001994132996 0.7396868467330933 0.05495515093207359 0.5177792906761169 0.7877150774002075 0.05595480278134346 0.5743077397346497 0.8168209791183472 0.05180653557181358 0.6178945302963257 0.8450869917869568 0.04650307074189186 0.43141016364097595 0.7721171975135803 0.025228921324014664 0.5181540846824646 0.8170434832572937 0.029773330315947533 0.5782469511032104 0.8438032865524292 0.022507162764668465 0.6289494633674622 0.8710614442825317 0.013068785890936852 0.41860246658325195 0.8092743754386902 -0.005407840944826603 0.504987895488739 0.8444201946258545 -0.002409393433481455 0.562513530254364 0.8679707050323486 -0.008307690732181072 0.6110378503799438 0.8886460065841675 -0.01734134741127491 0.39882543683052063 0.8503150939941406 -0.036415889859199524 0.4732859432697296 0.8703406453132629 -0.038531310856342316 0.5212392807006836 0.8848217129707336 -0.04326464980840683 0.5630407333374023 0.8990880250930786 -0.05004918575286865
0.25905346870422363 0.7424790263175964 2.0620720686537197e-09 0.33981412649154663 0.6798755526542664 0.008053080178797245 0.4302021861076355 0.6907787919044495 0.015300092287361622 0.4904600977897644 0.7351765632629395 0.01536715216934681 0.5281512141227722 0.7825213074684143 0.013317628763616085 0.465187132358551 0.7122682332992554 0.048774540424346924 0.5363683104515076 0.7762969136238098 0.05486848205327988 0.5888745784759521 0.817808210849762 0.05212585628032684 0.6290680170059204 0.8514252305030823 0.04705340042710304 0.45538198947906494 0.7534549236297607 0.034312691539525986 0.5313416719436646 0.8095824718475342 0.04715500771999359 0.5886543989181519 0.8428210020065308 0.03841475769877434 0.6356841325759888 0.8714267015457153 0.02671637572348118 0.4415380656719208 0.796441912651062 0.016510987654328346 0.5172169208526611 0.8331685066223145 0.02482256107032299 0.5713913440704346 0.8629387617111206 0.013449038378894329 0.6180963516235352 0.8882452249526978 -3.852035297313705e-05 0.4230216443538666 0.8426015973091125 -0.003938744310289621 0.49425870180130005 0.8560202717781067 -0.0031813085079193115 0.5400972962379456 0.8699216246604919 -0.011223405599594116 0.5808963179588318 0.8845641613006592 -0.020633799955248833
0 0 0 0 0 0 0 0 0 0 0 0 0 0 0 0 0 0 0 0 0 0 0 0 0 0 0 0 0 0 0 0 0 0 0 0 0 0 0 0 0 0 0 0 0 0 0 0 0 0 0 0 0 0 0 0 0 0 0 0 0 0 0
0 0 0 0 0 0 0 0 0 0 0 0 0 0 0 0 0 0 0 0 0 0 0 0 0 0 0 0 0 0 0 0 0 0 0 0 0 0 0 0 0 0 0 0 0 0 0 0 0 0 0 0 0 0 0 0 0 0 0 0 0 0 0
0 0 0 0 0 0 0 0 0 0 0 0 0 0 0 0 0 0 0 0 0 0 0 0 0 0 0 0 0 0 0 0 0 0 0 0 0 0 0 0 0 0 0 0 0 0 0 0 0 0 0 0 0 0 0 0 0 0 0 0 0 0 0
0.21568593382835388 0.7309642434120178 1.8483252706147368e-09 0.29601216316223145 0.6591571569442749 0.03770359233021736 0.385287880897522 0.647911548614502 0.062126513570547104 0.44193631410598755 0.6366819143295288 0.07108014076948166 0.48007848858833313 0.6438564658164978 0.07804680615663528 0.4300093650817871 0.7390263676643372 0.11190871149301529 0.49970853328704834 0.7869777679443359 0.1348859965801239 0.5500922203063965 0.8156406283378601 0.14350055158138275 0.5876255035400391 0.8433575630187988 0.14680014550685883 0.42418035864830017 0.7727949023246765 0.08370306342840195 0.5011658072471619 0.8187739849090576 0.11622530966997147 0.5509849190711975 0.8487858176231384 0.12351676821708679 0.5925246477127075 0.881125271320343 0.1240500956773758 0.41635486483573914 0.8015558123588562 0.050143420696258545 0.49097394943237305 0.8467057943344116 0.07414372265338898 0.5377739667892456 0.8767783641815186 0.08054953068494797 0.5769222974777222 0.9044656753540039 0.0794144794344902 0.40476036071777344 0.8263217806816101 0.01357733178883791 0.46745067834854126 0.8628780841827393 0.02798083797097206 0.5055243968963623 0.8883752226829529 0.03390504792332649 0.5389432907104492 0.9138867259025574 0.0350845605134964
0 0 0 0 0 0 0 0 0 0 0 0 0 0 0 0 0 0 0 0 0 0 0 0 0 0 0 0 0 0 0 0 0 0 0 0 0 0 0 0 0 0 0 0 0 0 0 0 0 0 0 0 0 0 0 0 0 0 0 0 0 0 0
0 0 0 0 0 0 0 0 0 0 0 0 0 0 0 0 0 0 0 0 0 0 0 0 0 0 0 0 0 0 0 0 0 0 0 0 0 0 0 0 0 0 0 0 0 0 0 0 0 0 0 0 0 0 0 0 0 0 0 0 0 0 0
0 0 0 0 0 0 0 0 0 0 0 0 0 0 0 0 0 0 0 0 0 0 0 0 0 0 0 0 0 0 0 0 0 0 0 0 0 0 0 0 0 0 0 0 0 0 0 0 0 0 0 0 0 0 0 0 0 0 0 0 0 0 0
0.21603046357631683 0.7449941635131836 1.1358488372081865e-08 0.28291183710098267 0.6997085809707642 0.038387905806303024 0.3558972477912903 0.7002863883972168 0.0506928525865078 0.4057805836200714 0.7093777656555176 0.04970920458436012 0.45246422290802 0.7259606719017029 0.04433885216712952 0.412055104970932 0.7743450403213501 0.052746374160051346 0.49045804142951965 0.823387861251831 0.050710760056972504 0.5454601645469666 0.8542156219482422 0.04381678253412247 0.5888842344284058 0.8846453428268433 0.03619201108813286 0.40473058819770813 0.8022997379302979 0.018791181966662407 0.4931763708591461 0.8498874306678772 0.01814069226384163 0.5541718602180481 0.8787895441055298 0.008112138137221336 0.6065770387649536 0.908897340297699 -0.002934820018708706 0.3915889263153076 0.830824077129364 -0.015818588435649872 0.4789537787437439 0.8708173632621765 -0.01820221357047558 0.5349401831626892 0.8954277634620667 -0.02578713744878769 0.5834037065505981 0.9170369505882263 -0.034969210624694824 0.37138646841049194 0.8593987226486206 -0.05038202181458473 0.4432794153690338 0.8878741264343262 -0.05781925097107887 0.4872017204761505 0.906303882598877 -0.06424518674612045 0.5251696109771729 0.9231638312339783 -0.07150734961032867
0.23895607888698578 0.7707894444465637 -1.66698127523901e-10 0.30874136090278625 0.699844479560852 -0.005041220691055059 0.38716286420822144 0.6886193752288818 -0.00765615189447999 0.44434425234794617 0.6952868700027466 -0.014519425109028816 0.4891417920589447 0.7052170038223267 -0.023314448073506355 0.44244012236595154 0.7685558199882507 0.01627800427377224 0.5136635303497314 0.8235862851142883 0.010407877154648304 0.56510990858078 0.8557528257369995 0.0017989638727158308 0.6064571142196655 0.8849260807037354 -0.006213475484400988 0.43363818526268005 0.8058459758758545 0.006295990198850632 0.5109973549842834 0.8548088669776917 0.005271413829177618 0.5683766007423401 0.8838555812835693 -0.0070344144478440285 0.6156997084617615 0.9122403860092163 -0.01967719756066799 0.4184796214103699 0.8405230045318604 -0.006759685464203358 0.49665290117263794 0.8713842034339905 -0.010898806154727936 0.5477120280265808 0.8947122097015381 -0.02375803515315056 0.589271068572998 0.915647029876709 -0.035772234201431274 0.3971962630748749 0.8723763227462769 -0.023035582154989243 0.46328479051589966 0.8807479739189148 -0.0303190890699625 0.5038431286811829 0.8905690908432007 -0.03986908867955208 0.5381205081939697 0.9032238125801086 -0.04882809892296791
