1 1 1 1 1 1 1 1 1 1 1 1 1 1 1 1 1 1 1 1 1 1 1 1 1 1 1 1 1 1 1 1 1 1 1 1 1 1 1 1 1 1 1 1 1 1 1 1 1 1 1 1 1 1 1 1 1 1 1 1 1 1 1
1 1 1 1 1 1 1 1 1 1 1 1 1 1 1 1 1 1 1 1 1 1 1 1 1 1 1 1 1 1 1 1 1 1 1 1 1 1 1 1 1 1 1 1 1 1 1 1 1 1 1 1 1 1 1 1 1 1 1 1 1 1 1
1 1 1 1 1 1 1 1 1 1 1 1 1 1 1 1 1 1 1 1 1 1 1 1 1 1 1 1 1 1 1 1 1 1 1 1 1 1 1 1 1 1 1 1 1 1 1 1 1 1 1 1 1 1 1 1 1 1 1 1 1 1 1
1 1 1 1 1 1 1 1 1 1 1 1 1 1 1 1 1 1 1 1 1 1 1 1 1 1 1 1 1 1 1 1 1 1 1 1 1 1 1 1 1 1 1 1 1 1 1 1 1 1 1 1 1 1 1 1 1 1 1 1 1 1 1
1 1 1 1 1 1 1 1 1 1 1 1 1 1 1 1 1 1 1 1 1 1 1 1 1 1 1 1 1 1 1 1 1 1 1 1 1 1 1 1 1 1 1 1 1 1 1 1 1 1 1 1 1 1 1 1 1 1 1 1 1 1 1
1 1 1 1 1 1 1 1 1 1 1 1 1 1 1 1 1 1 1 1 1 1 1 1 1 1 1 1 1 1 1 1 1 1 1 1 1 1 1 1 1 1 1 1 1 1 1 1 1 1 1 1 1 1 1 1 1 1 1 1 1 1 1
1 1 1 1 1 1 1 1 1 1 1 1 1 1 1 1 1 1 1 1 1 1 1 1 1 1 1 1 1 1 1 1 1 1 1 1 1 1 1 1 1 1 1 1 1 1 1 1 1 1 1 1 1 1 1 1 1 1 1 1 1 1 1
1 1 1 1 1 1 1 1 1 1 1 1 1 1 1 1 1 1 1 1 1 1 1 1 1 1 1 1 1 1 1 1 1 1 1 1 1 1 1 1 1 1 1 1 1 1 1 1 1 1 1 1 1 1 1 1 1 1 1 1 1 1 1
1 1 1 1 1 1 1 1 1 1 1 1 1 1 1 1 1 1 1 1 1 1 1 1 1 1 1 1 1 1 1 1 1 1 1 1 1 1 1 1 1 1 1 1 1 1 1 1 1 1 1 1 1 1 1 1 1 1 1 1 1 1 1
1 1 1 1 1 1 1 1 1 1 1 1 1 1 1 1 1 1 1 1 1 1 1 1 1 1 1 1 1 1 1 1 1 1 1 1 1 1 1 1 1 1 1 1 1 1 1 1 1 1 1 1 1 1 1 1 1 1 1 1 1 1 1
1 1 1 1 1 1 1 1 1 1 1 1 1 1 1 1 1 1 1 1 1 1 1 1 1 1 1 1 1 1 1 1 1 1 1 1 1 1 1 1 1 1 1 1 1 1 1 1 1 1 1 1 1 1 1 1 1 1 1 1 1 1 1
1 1 1 1 1 1 1 1 1 1 1 1 1 1 1 1 1 1 1 1 1 1 1 1 1 1 1 1 1 1 1 1 1 1 1 1 1 1 1 1 1 1 1 1 1 1 1 1 1 1 1 1 1 1 1 1 1 1 1 1 1 1 1
1 1 1 1 1 1 1 1 1 1 1 1 1 1 1 1 1 1 1 1 1 1 1 1 1 1 1 1 1 1 1 1 1 1 1 1 1 1 1 1 1 1 1 1 1 1 1 1 1 1 1 1 1 1 1 1 1 1 1 1 1 1 1
1 1 1 1 1 1 1 1 1 1 1 1 1 1 1 1 1 1 1 1 1 1 1 1 1 1 1 1 1 1 1 1 1 1 1 1 1 1 1 1 1 1 1 1 1 1 1 1 1 1 1 1 1 1 1 1 1 1 1 1 1 1 1
1 1 1 1 1 1 1 1 1 1 1 1 1 1 1 1 1 1 1 1 1 1 1 1 1 1 1 1 1 1 1 1 1 1 1 1 1 1 1 1 1 1 1 1 1 1 1 1 1 1 1 1 1 1 1 1 1 1 1 1 1 1 1
1 1 1 1 1 1 1 1 1 1 1 1 1 1 1 1 1 1 1 1 1 1 1 1 1 1 1 1 1 1 1 1 1 1 1 1 1 1 1 1 1 1 1 1 1 1 1 1 1 1 1 1 1 1 1 1 1 1 1 1 1 1 1
1 1 1 1 1 1 1 1 1 1 1 1 1 1 1 1 1 1 1 1 1 1 1 1 1 1 1 1 1 1 1 1 1 1 1 1 1 1 1 1 1 1 1 1 1 1 1 1 1 1 1 1 1 1 1 1 1 1 1 1 1 1 1
1 1 1 1 1 1 1 1 1 1 1 1 1 1 1 1 1 1 1 1 1 1 1 1 1 1 1 1 1 1 1 1 1 1 1 1 1 1 1 1 1 1 1 1 1 1 1 1 1 1 1 1 1 1 1 1 1 1 1 1 1 1 1
1 1 1 1 1 1 1 1 1 1 1 1 1 1 1 1 1 1 1 1 1 1 1 1 1 1 1 1 1 1 1 1 1 1 1 1 1 1 1 1 1 1 1 1 1 1 1 1 1 1 1 1 1 1 1 1 1 1 1 1 1 1 1
1 1 1 1 1 1 1 1 1 1 1 1 1 1 1 1 1 1 1 1 1 1 1 1 1 1 1 1 1 1 1 1 1 1 1 1 1 1 1 1 1 1 1 1 1 1 1 1 1 1 1 1 1 1 1 1 1 1 1 1 1 1 1
1 1 1 1 1 1 1 1 1 1 1 1 1 1 1 1 1 1 1 1 1 1 1 1 1 1 1 1 1 1 1 1 1 1 1 1 1 1 1 1 1 1 1 1 1 1 1 1 1 1 1 1 1 1 1 1 1 1 1 1 1 1 1
1 1 1 1 1 1 1 1 1 1 1 1 1 1 1 1 1 1 1 1 1 1 1 1 1 1 1 1 1 1 1 1 1 1 1 1 1 1 1 1 1 1 1 1 1 1 1 1 1 1 1 1 1 1 1 1 1 1 1 1 1 1 1
1 1 1 1 1 1 1 1 1 1 1 1 1 1 1 1 1 1 1 1 1 1 1 1 1 1 1 1 1 1 1 1 1 1 1 1 1 1 1 1 1 1 1 1 1 1 1 1 1 1 1 1 1 1 1 1 1 1 1 1 1 1 1
1 1 1 1 1 1 1 1 1 1 1 1 1 1 1 1 1 1 1 1 1 1 1 1 1 1 1 1 1 1 1 1 1 1 1 1 1 1 1 1 1 1 1 1 1 1 1 1 1 1 1 1 1 1 1 1 1 1 1 1 1 1 1
0.42921626567840576 0.663235604763031 6.674100161419005e-10 0.40224117040634155 0.609603762626648 0.03721877932548523 0.395222008228302 0.5598116517066956 0.048026975244283676 0.3998059332370758 0.5326613187789917 0.05183327943086624 0.41398870944976807 0.5328766107559204 0.05622046813368797 0.4198852479457855 0.47648608684539795 0.02279629372060299 0.43950194120407104 0.4361898601055145 0.04222128167748451 0.45315513014793396 0.4623998701572418 0.05818836763501167 0.4527534544467926 0.49646875262260437 0.06591237336397171 0.44934186339378357 0.48262202739715576 0.004022357519716024 0.4822022020816803 0.451290488243103 0.02683408558368683 0.4906712770462036 0.48446154594421387 0.04460617154836655 0.4835841953754425 0.5158666968345642 0.05204788222908974 0.47990864515304565 0.5014535188674927 -0.010050157085061073 0.5177853107452393 0.4838266372680664 0.017240477725863457 0.5223309397697449 0.513089120388031 0.033620018512010574 0.5139505863189697 0.5376402735710144 0.037230465561151505 0.5086142420768738 0.5286815762519836 -0.022477127611637115 0.5451163053512573 0.510568380355835 -0.00021224154625087976 0.5491803288459778 0.5326653718948364 0.012980080209672451 0.5425363779067993 0.5526981353759766 0.01829114742577076
0.4511173665523529 0.6501104831695557 4.7252712853662615e-09 0.41421377658843994 0.5927671790122986 0.01248741801828146 0.39883506298065186 0.529974102973938 0.019455337896943092 0.3983290493488312 0.4807494580745697 0.022959286347031593 0.4066168963909149 0.46362781524658203 0.027074739336967468 0.4292336106300354 0.5054734349250793 0.022706182673573494 0.44172990322113037 0.4475468397140503 0.03739172965288162 0.4471980929374695 0.43337640166282654 0.04628167301416397 0.4475281536579132 0.4294450581073761 0.05037415027618408 0.4626031816005707 0.5105676054954529 0.017061524093151093 0.477496862411499 0.46211516857147217 0.03477712720632553 0.4810929000377655 0.46304452419281006 0.04105033725500107 0.4799807071685791 0.4726294279098511 0.042822226881980896 0.49601632356643677 0.5208055377006531 0.012796219438314438 0.5119017362594604 0.4807053208351135 0.03004061058163643 0.5153799653053284 0.48531901836395264 0.03444160893559456 0.5131330490112305 0.49768292903900146 0.03394852206110954 0.5298801064491272 0.5342229008674622 0.008605845272541046 0.5494565367698669 0.4999488890171051 0.022594023495912552 0.5521527528762817 0.5083469152450562 0.028262250125408173 0.5496476888656616 0.5234432220458984 0.030370192602276802
1 1 1 1 1 1 1 1 1 1 1 1 1 1 1 1 1 1 1 1 1 1 1 1 1 1 1 1 1 1 1 1 1 1 1 1 1 1 1 1 1 1 1 1 1 1 1 1 1 1 1 1 1 1 1 1 1 1 1 1 1 1 1
1 1 1 1 1 1 1 1 1 1 1 1 1 1 1 1 1 1 1 1 1 1 1 1 1 1 1 1 1 1 1 1 1 1 1 1 1 1 1 1 1 1 1 1 1 1 1 1 1 1 1 1 1 1 1 1 1 1 1 1 1 1 1
1 1 1 1 1 1 1 1 1 1 1 1 1 1 1 1 1 1 1 1 1 1 1 1 1 1 1 1 1 1 1 1 1 1 1 1 1 1 1 1 1 1 1 1 1 1 1 1 1 1 1 1 1 1 1 1 1 1 1 1 1 1 1
1 1 1 1 1 1 1 1 1 1 1 1 1 1 1 1 1 1 1 1 1 1 1 1 1 1 1 1 1 1 1 1 1 1 1 1 1 1 1 1 1 1 1 1 1 1 1 1 1 1 1 1 1 1 1 1 1 1 1 1 1 1 1
1 1 1 1 1 1 1 1 1 1 1 1 1 1 1 1 1 1 1 1 1 1 1 1 1 1 1 1 1 1 1 1 1 1 1 1 1 1 1 1 1 1 1 1 1 1 1 1 1 1 1 1 1 1 1 1 1 1 1 1 1 1 1
0.4787493050098419 0.3477120101451874 8.100684567580174e-09 0.4958460330963135 0.3207298815250397 -0.02820046804845333 0.5033766031265259 0.30706700682640076 -0.05905063450336456 0.530815064907074 0.2866611182689667 -0.08895669877529144 0.5533270835876465 0.26988810300827026 -0.11960621178150177 0.44107186794281006 0.37914660573005676 -0.0803968757390976 0.45005443692207336 0.3972272276878357 -0.12356476485729218 0.48146262764930725 0.3986258804798126 -0.1506383717060089 0.5107267498970032 0.41533851623535156 -0.16615699231624603 0.4587045907974243 0.3837580680847168 -0.08454982191324234 0.48085081577301025 0.4073171615600586 -0.1355443149805069 0.5137657523155212 0.4388899803161621 -0.16119112074375153 0.538743793964386 0.4631289839744568 -0.17741306126117706 0.47842130064964294 0.37075570225715637 -0.08661740273237228 0.5070197582244873 0.3667701184749603 -0.12558498978614807 0.528599202632904 0.37000903487205505 -0.13994622230529785 0.5429279804229736 0.3779038190841675 -0.14976508915424347 0.5021919012069702 0.3508237600326538 -0.09012030065059662 0.5329045653343201 0.3323729932308197 -0.11196384578943253 0.5541371703147888 0.32455724477767944 -0.12054285407066345 0.5680944919586182 0.3272717297077179 -0.1292921006679535
1 1 1 1 1 1 1 1 1 1 1 1 1 1 1 1 1 1 1 1 1 1 1 1 1 1 1 1 1 1 1 1 1 1 1 1 1 1 1 1 1 1 1 1 1 1 1 1 1 1 1 1 1 1 1 1 1 1 1 1 1 1 1
1 1 1 1 1 1 1 1 1 1 1 1 1 1 1 1 1 1 1 1 1 1 1 1 1 1 1 1 1 1 1 1 1 1 1 1 1 1 1 1 1 1 1 1 1 1 1 1 1 1 1 1 1 1 1 1 1 1 1 1 1 1 1
1 1 1 1 1 1 1 1 1 1 1 1 1 1 1 1 1 1 1 1 1 1 1 1 1 1 1 1 1 1 1 1 1 1 1 1 1 1 1 1 1 1 1 1 1 1 1 1 1 1 1 1 1 1 1 1 1 1 1 1 1 1 1
1 1 1 1 1 1 1 1 1 1 1 1 1 1 1 1 1 1 1 1 1 1 1 1 1 1 1 1 1 1 1 1 1 1 1 1 1 1 1 1 1 1 1 1 1 1 1 1 1 1 1 1 1 1 1 1 1 1 1 1 1 1 1
1 1 1 1 1 1 1 1 1 1 1 1 1 1 1 1 1 1 1 1 1 1 1 1 1 1 1 1 1 1 1 1 1 1 1 1 1 1 1 1 1 1 1 1 1 1 1 1 1 1 1 1 1 1 1 1 1 1 1 1 1 1 1
1 1 1 1 1 1 1 1 1 1 1 1 1 1 1 1 1 1 1 1 1 1 1 1 1 1 1 1 1 1 1 1 1 1 1 1 1 1 1 1 1 1 1 1 1 1 1 1 1 1 1 1 1 1 1 1 1 1 1 1 1 1 1
1 1 1 1 1 1 1 1 1 1 1 1 1 1 1 1 1 1 1 1 1 1 1 1 1 1 1 1 1 1 1 1 1 1 1 1 1 1 1 1 1 1 1 1 1 1 1 1 1 1 1 1 1 1 1 1 1 1 1 1 1 1 1
1 1 1 1 1 1 1 1 1 1 1 1 1 1 1 1 1 1 1 1 1 1 1 1 1 1 1 1 1 1 1 1 1 1 1 1 1 1 1 1 1 1 1 1 1 1 1 1 1 1 1 1 1 1 1 1 1 1 1 1 1 1 1
0.4866579473018646 0.5562528967857361 6.357963933112387e-09 0.5227416753768921 0.48881250619888306 0.03371554613113403 0.520942211151123 0.41777950525283813 0.043500058352947235 0.5225971937179565 0.3616846799850464 0.04342589154839516 0.5257723331451416 0.3166996240615845 0.04304768517613411 0.41849297285079956 0.32640552520751953 0.04001760110259056 0.46576201915740967 0.2427837997674942 0.04645848646759987 0.502100944519043 0.2512947916984558 0.04757297411561012 0.5193707346916199 0.2759171724319458 0.045264046639204025 0.4133600890636444 0.3131679892539978 0.01646847277879715 0.4779159128665924 0.23688381910324097 0.02056453563272953 0.5143718719482422 0.2587302029132843 0.012401522137224674 0.5305661559104919 0.2905813753604889 0.0029786296654492617 0.4224320352077484 0.311049222946167 -0.004417330492287874 0.49725252389907837 0.25329503417015076 0.005145476199686527 0.530291736125946 0.28830134868621826 0.002016529208049178 0.542845606803894 0.3237341344356537 -0.005713313352316618 0.44035986065864563 0.3186705410480499 -0.025065386667847633 0.5024455785751343 0.28050217032432556 -0.016472915187478065 0.5331338047981262 0.30090993642807007 -0.015646591782569885 0.5496022701263428 0.32503190636634827 -0.01864703558385372
0.5030235052108765 0.5509939193725586 3.147822225102459e-09 0.5238301157951355 0.45971962809562683 -0.014726717956364155 0.5127450227737427 0.36558812856674194 -0.023838911205530167 0.4906518757343292 0.303469181060791 -0.03446149080991745 0.4717104732990265 0.2789423167705536 -0.044836901128292084 0.43072614073753357 0.3249121904373169 -0.00599636510014534 0.4846714437007904 0.26701152324676514 -0.020881589502096176 0.5091764330863953 0.3031176030635834 -0.03148389607667923 0.5142841935157776 0.3446112871170044 -0.039766985923051834 0.4122313857078552 0.3435100018978119 -0.012776452116668224 0.48972681164741516 0.28598713874816895 -0.030767301097512245 0.5158106684684753 0.33115634322166443 -0.04837615787982941 0.5222234725952148 0.37722790241241455 -0.06211116164922714 0.40711846947669983 0.3723128139972687 -0.021510787308216095 0.48630380630493164 0.31700944900512695 -0.0388125479221344 0.5136887431144714 0.3609221875667572 -0.05135954171419144 0.5210436582565308 0.40194976329803467 -0.0608120933175087 0.41004109382629395 0.4085544943809509 -0.03318546339869499 0.4747334122657776 0.3616015911102295 -0.04466298595070839 0.5069143772125244 0.3878423869609833 -0.05019761621952057 0.5205403566360474 0.4209705889225006 -0.054952673614025116
1 1 1 1 1 1 1 1 1 1 1 1 1 1 1 1 1 1 1 1 1 1 1 1 1 1 1 1 1 1 1 1 1 1 1 1 1 1 1 1 1 1 1 1 1 1 1 1 1 1 1 1 1 1 1 1 1 1 1 1 1 1 1
1 1 1 1 1 1 1 1 1 1 1 1 1 1 1 1 1 1 1 1 1 1 1 1 1 1 1 1 1 1 1 1 1 1 1 1 1 1 1 1 1 1 1 1 1 1 1 1 1 1 1 1 1 1 1 1 1 1 1 1 1 1 1
1 1 1 1 1 1 1 1 1 1 1 1 1 1 1 1 1 1 1 1 1 1 1 1 1 1 1 1 1 1 1 1 1 1 1 1 1 1 1 1 1 1 1 1 1 1 1 1 1 1 1 1 1 1 1 1 1 1 1 1 1 1 1
0.42832544445991516 0.6293801069259644 3.7107819039761125e-09 0.40235379338264465 0.5761818289756775 0.021312402561306953 0.391899049282074 0.5227708220481873 0.021790415048599243 0.39115193486213684 0.4982301890850067 0.017453953623771667 0.39261502027511597 0.5105071067810059 0.0132808992639184 0.40600448846817017 0.4781437814235687 -0.006767407990992069 0.44251057505607605 0.44499844312667847 -0.0029891140293329954 0.45415717363357544 0.4657241702079773 0.0022082338109612465 0.4490845203399658 0.4869338870048523 0.0035013912711292505 0.4354286193847656 0.4892410933971405 -0.022868502885103226 0.4797590672969818 0.46092626452445984 -0.015441984869539738 0.48666882514953613 0.4852145314216614 -0.006905588321387768 0.478126585483551 0.509550929069519 -0.005759049206972122 0.4677315354347229 0.5071895718574524 -0.03456539288163185 0.5101033449172974 0.483879417181015 -0.02015269547700882 0.5139885544776917 0.5061569809913635 -0.007834224961698055 0.5043500661849976 0.528343915939331 -0.006111160386353731 0.4995514750480652 0.5293357968330383 -0.045841701328754425 0.5379795432090759 0.5064650774002075 -0.03227952495217323 0.5407223701477051 0.5212002396583557 -0.021944092586636543 0.5335707664489746 0.5375695824623108 -0.018537143245339394
0.443213552236557 0.6387276649475098 4.451920165848833e-09 0.41327306628227234 0.5775802135467529 0.013684944249689579 0.40780922770500183 0.5138261914253235 0.014720109291374683 0.42274367809295654 0.47629204392433167 0.012005006894469261 0.4380800426006317 0.4642471671104431 0.009015437215566635 0.42479681968688965 0.4897025525569916 0.005411645397543907 0.43008866906166077 0.4470769166946411 0.008198141120374203 0.4325363337993622 0.41842055320739746 0.007946379482746124 0.4317203164100647 0.3991572856903076 0.006752274464815855 0.45526790618896484 0.4969196319580078 -0.003950764425098896 0.47944262623786926 0.4604833424091339 0.004024730995297432 0.48528972268104553 0.46679025888442993 0.008108492009341717 0.48508507013320923 0.48053044080734253 0.008083658292889595 0.48691636323928833 0.5126190185546875 -0.01125841960310936 0.5141253471374512 0.47999274730682373 0.0006887898198328912 0.5177994966506958 0.48745328187942505 0.007819137535989285 0.5141845941543579 0.5013736486434937 0.008070542477071285 0.5190253853797913 0.5342115163803101 -0.01862892508506775 0.5465775728225708 0.5047537088394165 -0.006686738226562738 0.5500335097312927 0.5084463357925415 0.0009171064593829215 0.5464194416999817 0.5178463459014893 0.003190202172845602
1 1 1 1 1 1 1 1 1 1 1 1 1 1 1 1 1 1 1 1 1 1 1 1 1 1 1 1 1 1 1 1 1 1 1 1 1 1 1 1 1 1 1 1 1 1 1 1 1 1 1 1 1 1 1 1 1 1 1 1 1 1 1
1 1 1 1 1 1 1 1 1 1 1 1 1 1 1 1 1 1 1 1 1 1 1 1 1 1 1 1 1 1 1 1 1 1 1 1 1 1 1 1 1 1 1 1 1 1 1 1 1 1 1 1 1 1 1 1 1 1 1 1 1 1 1
1 1 1 1 1 1 1 1 1 1 1 1 1 1 1 1 1 1 1 1 1 1 1 1 1 1 1 1 1 1 1 1 1 1 1 1 1 1 1 1 1 1 1 1 1 1 1 1 1 1 1 1 1 1 1 1 1 1 1 1 1 1 1
0.4725917875766754 0.47987404465675354 5.540718994723193e-09 0.45047980546951294 0.41766729950904846 0.007294419687241316 0.450998991727829 0.3442319631576538 0.0032576366793364286 0.47143152356147766 0.29462364315986633 -0.004542381502687931 0.49908506870269775 0.2648833990097046 -0.01199665293097496 0.4255622625350952 0.31829634308815 0.00031174279865808785 0.4480974078178406 0.2617119252681732 -0.008596847765147686 0.4718874394893646 0.23316755890846252 -0.01785195618867874 0.4915556311607361 0.21766093373298645 -0.025146063417196274 0.4428170323371887 0.3313363194465637 -0.010714034549891949 0.49436014890670776 0.27894899249076843 -0.021369196474552155 0.5292421579360962 0.271676629781723 -0.032860081642866135 0.5529538989067078 0.27391085028648376 -0.04140811413526535 0.4649304747581482 0.3501017391681671 -0.020463373512029648 0.5184252858161926 0.31650853157043457 -0.024054814130067825 0.5309275984764099 0.3319411873817444 -0.02459782548248768 0.5325252413749695 0.35045352578163147 -0.02622407302260399 0.4868122935295105 0.3715983033180237 -0.031062284484505653 0.5252203345298767 0.3473818302154541 -0.029153065755963326 0.533210277557373 0.35875415802001953 -0.026251817122101784 0.5337888598442078 0.37464362382888794 -0.025627752766013145
1 1 1 1 1 1 1 1 1 1 1 1 1 1 1 1 1 1 1 1 1 1 1 1 1 1 1 1 1 1 1 1 1 1 1 1 1 1 1 1 1 1 1 1 1 1 1 1 1 1 1 1 1 1 1 1 1 1 1 1 1 1 1
1 1 1 1 1 1 1 1 1 1 1 1 1 1 1 1 1 1 1 1 1 1 1 1 1 1 1 1 1 1 1 1 1 1 1 1 1 1 1 1 1 1 1 1 1 1 1 1 1 1 1 1 1 1 1 1 1 1 1 1 1 1 1
1 1 1 1 1 1 1 1 1 1 1 1 1 1 1 1 1 1 1 1 1 1 1 1 1 1 1 1 1 1 1 1 1 1 1 1 1 1 1 1 1 1 1 1 1 1 1 1 1 1 1 1 1 1 1 1 1 1 1 1 1 1 1
1 1 1 1 1 1 1 1 1 1 1 1 1 1 1 1 1 1 1 1 1 1 1 1 1 1 1 1 1 1 1 1 1 1 1 1 1 1 1 1 1 1 1 1 1 1 1 1 1 1 1 1 1 1 1 1 1 1 1 1 1 1 1
1 1 1 1 1 1 1 1 1 1 1 1 1 1 1 1 1 1 1 1 1 1 1 1 1 1 1 1 1 1 1 1 1 1 1 1 1 1 1 1 1 1 1 1 1 1 1 1 1 1 1 1 1 1 1 1 1 1 1 1 1 1 1
1 1 1 1 1 1 1 1 1 1 1 1 1 1 1 1 1 1 1 1 1 1 1 1 1 1 1 1 1 1 1 1 1 1 1 1 1 1 1 1 1 1 1 1 1 1 1 1 1 1 1 1 1 1 1 1 1 1 1 1 1 1 1
1 1 1 1 1 1 1 1 1 1 1 1 1 1 1 1 1 1 1 1 1 1 1 1 1 1 1 1 1 1 1 1 1 1 1 1 1 1 1 1 1 1 1 1 1 1 1 1 1 1 1 1 1 1 1 1 1 1 1 1 1 1 1
1 1 1 1 1 1 1 1 1 1 1 1 1 1 1 1 1 1 1 1 1 1 1 1 1 1 1 1 1 1 1 1 1 1 1 1 1 1 1 1 1 1 1 1 1 1 1 1 1 1 1 1 1 1 1 1 1 1 1 1 1 1 1
1 1 1 1 1 1 1 1 1 1 1 1 1 1 1 1 1 1 1 1 1 1 1 1 1 1 1 1 1 1 1 1 1 1 1 1 1 1 1 1 1 1 1 1 1 1 1 1 1 1 1 1 1 1 1 1 1 1 1 1 1 1 1
1 1 1 1 1 1 1 1 1 1 1 1 1 1 1 1 1 1 1 1 1 1 1 1 1 1 1 1 1 1 1 1 1 1 1 1 1 1 1 1 1 1 1 1 1 1 1 1 1 1 1 1 1 1 1 1 1 1 1 1 1 1 1
1 1 1 1 1 1 1 1 1 1 1 1 1 1 1 1 1 1 1 1 1 1 1 1 1 1 1 1 1 1 1 1 1 1 1 1 1 1 1 1 1 1 1 1 1 1 1 1 1 1 1 1 1 1 1 1 1 1 1 1 1 1 1
1 1 1 1 1 1 1 1 1 1 1 1 1 1 1 1 1 1 1 1 1 1 1 1 1 1 1 1 1 1 1 1 1 1 1 1 1 1 1 1 1 1 1 1 1 1 1 1 1 1 1 1 1 1 1 1 1 1 1 1 1 1 1
1 1 1 1 1 1 1 1 1 1 1 1 1 1 1 1 1 1 1 1 1 1 1 1 1 1 1 1 1 1 1 1 1 1 1 1 1 1 1 1 1 1 1 1 1 1 1 1 1 1 1 1 1 1 1 1 1 1 1 1 1 1 1
1 1 1 1 1 1 1 1 1 1 1 1 1 1 1 1 1 1 1 1 1 1 1 1 1 1 1 1 1 1 1 1 1 1 1 1 1 1 1 1 1 1 1 1 1 1 1 1 1 1 1 1 1 1 1 1 1 1 1 1 1 1 1
1 1 1 1 1 1 1 1 1 1 1 1 1 1 1 1 1 1 1 1 1 1 1 1 1 1 1 1 1 1 1 1 1 1 1 1 1 1 1 1 1 1 1 1 1 1 1 1 1 1 1 1 1 1 1 1 1 1 1 1 1 1 1
1 1 1 1 1 1 1 1 1 1 1 1 1 1 1 1 1 1 1 1 1 1 1 1 1 1 1 1 1 1 1 1 1 1 1 1 1 1 1 1 1 1 1 1 1 1 1 1 1 1 1 1 1 1 1 1 1 1 1 1 1 1 1
1 1 1 1 1 1 1 1 1 1 1 1 1 1 1 1 1 1 1 1 1 1 1 1 1 1 1 1 1 1 1 1 1 1 1 1 1 1 1 1 1 1 1 1 1 1 1 1 1 1 1 1 1 1 1 1 1 1 1 1 1 1 1
1 1 1 1 1 1 1 1 1 1 1 1 1 1 1 1 1 1 1 1 1 1 1 1 1 1 1 1 1 1 1 1 1 1 1 1 1 1 1 1 1 1 1 1 1 1 1 1 1 1 1 1 1 1 1 1 1 1 1 1 1 1 1
1 1 1 1 1 1 1 1 1 1 1 1 1 1 1 1 1 1 1 1 1 1 1 1 1 1 1 1 1 1 1 1 1 1 1 1 1 1 1 1 1 1 1 1 1 1 1 1 1 1 1 1 1 1 1 1 1 1 1 1 1 1 1
1 1 1 1 1 1 1 1 1 1 1 1 1 1 1 1 1 1 1 1 1 1 1 1 1 1 1 1 1 1 1 1 1 1 1 1 1 1 1 1 1 1 1 1 1 1 1 1 1 1 1 1 1 1 1 1 1 1 1 1 1 1 1
0.4848754405975342 0.41510337591171265 7.133226009869986e-09 0.4781525135040283 0.34048599004745483 -0.0018538357689976692 0.490820974111557 0.25284501910209656 -0.005670684855431318 0.5263624787330627 0.20327702164649963 -0.0128417843952775 0.5601868033409119 0.1833896040916443 -0.01859666220843792 0.4489862322807312 0.21951693296432495 0.009533490985631943 0.4552387297153473 0.13149459660053253 0.006629372946918011 0.460869163274765 0.07740704715251923 0.001488024601712823 0.4652515649795532 0.031164884567260742 -0.004290920682251453 0.4685359001159668 0.21870015561580658 0.002676944015547633 0.480348140001297 0.12802433967590332 0.0027911902870982885 0.48648667335510254 0.06903015077114105 -0.006842745468020439 0.49074819684028625 0.02055235207080841 -0.01782047748565674 0.4919024109840393 0.22984996438026428 -0.005519034806638956 0.537015974521637 0.17450720071792603 -0.005074411630630493 0.5503928661346436 0.19933462142944336 -0.007838967256247997 0.5540598034858704 0.22399426996707916 -0.010860804468393326 0.5175639390945435 0.24545259773731232 -0.016148503869771957 0.5541075468063354 0.21384957432746887 -0.014616035856306553 0.5626921057701111 0.2293999344110489 -0.014412133023142815 0.5640978217124939 0.24535173177719116 -0.015288768336176872
1 1 1 1 1 1 1 1 1 1 1 1 1 1 1 1 1 1 1 1 1 1 1 1 1 1 1 1 1 1 1 1 1 1 1 1 1 1 1 1 1 1 1 1 1 1 1 1 1 1 1 1 1 1 1 1 1 1 1 1 1 1 1
1 1 1 1 1 1 1 1 1 1 1 1 1 1 1 1 1 1 1 1 1 1 1 1 1 1 1 1 1 1 1 1 1 1 1 1 1 1 1 1 1 1 1 1 1 1 1 1 1 1 1 1 1 1 1 1 1 1 1 1 1 1 1
1 1 1 1 1 1 1 1 1 1 1 1 1 1 1 1 1 1 1 1 1 1 1 1 1 1 1 1 1 1 1 1 1 1 1 1 1 1 1 1 1 1 1 1 1 1 1 1 1 1 1 1 1 1 1 1 1 1 1 1 1 1 1
1 1 1 1 1 1 1 1 1 1 1 1 1 1 1 1 1 1 1 1 1 1 1 1 1 1 1 1 1 1 1 1 1 1 1 1 1 1 1 1 1 1 1 1 1 1 1 1 1 1 1 1 1 1 1 1 1 1 1 1 1 1 1
1 1 1 1 1 1 1 1 1 1 1 1 1 1 1 1 1 1 1 1 1 1 1 1 1 1 1 1 1 1 1 1 1 1 1 1 1 1 1 1 1 1 1 1 1 1 1 1 1 1 1 1 1 1 1 1 1 1 1 1 1 1 1
1 1 1 1 1 1 1 1 1 1 1 1 1 1 1 1 1 1 1 1 1 1 1 1 1 1 1 1 1 1 1 1 1 1 1 1 1 1 1 1 1 1 1 1 1 1 1 1 1 1 1 1 1 1 1 1 1 1 1 1 1 1 1
1 1 1 1 1 1 1 1 1 1 1 1 1 1 1 1 1 1 1 1 1 1 1 1 1 1 1 1 1 1 1 1 1 1 1 1 1 1 1 1 1 1 1 1 1 1 1 1 1 1 1 1 1 1 1 1 1 1 1 1 1 1 1
1 1 1 1 1 1 1 1 1 1 1 1 1 1 1 1 1 1 1 1 1 1 1 1 1 1 1 1 1 1 1 1 1 1 1 1 1 1 1 1 1 1 1 1 1 1 1 1 1 1 1 1 1 1 1 1 1 1 1 1 1 1 1
1 1 1 1 1 1 1 1 1 1 1 1 1 1 1 1 1 1 1 1 1 1 1 1 1 1 1 1 1 1 1 1 1 1 1 1 1 1 1 1 1 1 1 1 1 1 1 1 1 1 1 1 1 1 1 1 1 1 1 1 1 1 1
1 1 1 1 1 1 1 1 1 1 1 1 1 1 1 1 1 1 1 1 1 1 1 1 1 1 1 1 1 1 1 1 1 1 1 1 1 1 1 1 1 1 1 1 1 1 1 1 1 1 1 1 1 1 1 1 1 1 1 1 1 1 1
1 1 1 1 1 1 1 1 1 1 1 1 1 1 1 1 1 1 1 1 1 1 1 1 1 1 1 1 1 1 1 1 1 1 1 1 1 1 1 1 1 1 1 1 1 1 1 1 1 1 1 1 1 1 1 1 1 1 1 1 1 1 1
1 1 1 1 1 1 1 1 1 1 1 1 1 1 1 1 1 1 1 1 1 1 1 1 1 1 1 1 1 1 1 1 1 1 1 1 1 1 1 1 1 1 1 1 1 1 1 1 1 1 1 1 1 1 1 1 1 1 1 1 1 1 1
0.4345918297767639 0.5917329788208008 2.2457720127988523e-09 0.4101117253303528 0.540799081325531 0.023051295429468155 0.40420660376548767 0.4845871925354004 0.030936839058995247 0.4138873815536499 0.44824790954589844 0.034707263112068176 0.42330998182296753 0.4365191161632538 0.03909493237733841 0.429161012172699 0.4282129108905792 0.012371135875582695 0.43614715337753296 0.38206836581230164 0.028486007824540138 0.4388981759548187 0.40259432792663574 0.04219645634293556 0.4352993369102478 0.4263055920600891 0.04849021136760712 0.45808327198028564 0.4327266812324524 0.0005651796236634254 0.4743642807006836 0.39591073989868164 0.01820450834929943 0.4753934442996979 0.42102310061454773 0.030862614512443542 0.4703792929649353 0.4454037845134735 0.03563470393419266 0.4855339229106903 0.44788116216659546 -0.007411313243210316 0.5066187381744385 0.4236892759799957 0.012786010280251503 0.5054280757904053 0.44681739807128906 0.02438984252512455 0.4990675449371338 0.467293381690979 0.026408419013023376 0.5114208459854126 0.47016122937202454 -0.014358642511069775 0.5351812243461609 0.44960758090019226 0.0026113393250852823 0.5334862470626831 0.4683459997177124 0.012506978586316109 0.5264560580253601 0.48646146059036255 0.016094060614705086
1 1 1 1 1 1 1 1 1 1 1 1 1 1 1 1 1 1 1 1 1 1 1 1 1 1 1 1 1 1 1 1 1 1 1 1 1 1 1 1 1 1 1 1 1 1 1 1 1 1 1 1 1 1 1 1 1 1 1 1 1 1 1
1 1 1 1 1 1 1 1 1 1 1 1 1 1 1 1 1 1 1 1 1 1 1 1 1 1 1 1 1 1 1 1 1 1 1 1 1 1 1 1 1 1 1 1 1 1 1 1 1 1 1 1 1 1 1 1 1 1 1 1 1 1 1
1 1 1 1 1 1 1 1 1 1 1 1 1 1 1 1 1 1 1 1 1 1 1 1 1 1 1 1 1 1 1 1 1 1 1 1 1 1 1 1 1 1 1 1 1 1 1 1 1 1 1 1 1 1 1 1 1 1 1 1 1 1 1
1 1 1 1 1 1 1 1 1 1 1 1 1 1 1 1 1 1 1 1 1 1 1 1 1 1 1 1 1 1 1 1 1 1 1 1 1 1 1 1 1 1 1 1 1 1 1 1 1 1 1 1 1 1 1 1 1 1 1 1 1 1 1
1 1 1 1 1 1 1 1 1 1 1 1 1 1 1 1 1 1 1 1 1 1 1 1 1 1 1 1 1 1 1 1 1 1 1 1 1 1 1 1 1 1 1 1 1 1 1 1 1 1 1 1 1 1 1 1 1 1 1 1 1 1 1
0.5288267731666565 0.4774288833141327 1.5835201594427417e-08 0.5481898188591003 0.3969809412956238 0.02080000750720501 0.5447242856025696 0.3021395206451416 0.020774945616722107 0.5451774597167969 0.24380002915859222 0.010080473497509956 0.5489041805267334 0.2292865365743637 -0.003409750759601593 0.4659259021282196 0.2663361430168152 0.02755962871015072 0.47414806485176086 0.1582280397415161 0.013520036824047565 0.47752436995506287 0.08733996748924255 -0.013292747549712658 0.47913262248039246 0.02742093801498413 -0.036574676632881165 0.45227906107902527 0.263215035200119 0.0031507527455687523 0.5291248559951782 0.21442987024784088 -0.017653509974479675 0.5449935793876648 0.26163578033447266 -0.047390248626470566 0.5406121015548706 0.30235129594802856 -0.06857931613922119 0.455281138420105 0.26468202471733093 -0.019802989438176155 0.5551621913909912 0.23530243337154388 -0.031224900856614113 0.5709599256515503 0.31307971477508545 -0.048858337104320526 0.5623751878738403 0.368904173374176 -0.06400986760854721 0.46766331791877747 0.26769134402275085 -0.044321294873952866 0.5456005334854126 0.24155166745185852 -0.04488557204604149 0.5649500489234924 0.2957991659641266 -0.05051514133810997 0.561768114566803 0.3420165181159973 -0.059524282813072205
0.4949572682380676 0.4675947427749634 1.2687632056085363e-09 0.4747069478034973 0.394553005695343 -0.004022183828055859 0.4701157212257385 0.299382746219635 -0.011325384490191936 0.4959179162979126 0.24078118801116943 -0.02139774151146412 0.5225211977958679 0.2088017761707306 -0.029902661219239235 0.45297321677207947 0.23474359512329102 -0.004006769508123398 0.46046552062034607 0.14436078071594238 -0.01467110961675644 0.46958476305007935 0.08886255323886871 -0.023161178454756737 0.47311916947364807 0.044385507702827454 -0.03130428493022919 0.479401558637619 0.23066528141498566 -0.013449265621602535 0.483559787273407 0.12870042026042938 -0.0252153892070055 0.48821645975112915 0.06799891591072083 -0.03578316047787666 0.48777082562446594 0.016011536121368408 -0.046505533158779144 0.5110873579978943 0.249134361743927 -0.02407948113977909 0.5539697408676147 0.19805598258972168 -0.029140738770365715 0.5630377531051636 0.24310529232025146 -0.026868123561143875 0.555211067199707 0.2780393362045288 -0.02603842131793499 0.5429679155349731 0.28453338146209717 -0.038090452551841736 0.581843376159668 0.2604614496231079 -0.0393761582672596 0.5859267711639404 0.2921784520149231 -0.037628158926963806 0.5758857727050781 0.31572747230529785 -0.03689608350396156
1 1 1 1 1 1 1 1 1 1 1 1 1 1 1 1 1 1 1 1 1 1 1 1 1 1 1 1 1 1 1 1 1 1 1 1 1 1 1 1 1 1 1 1 1 1 1 1 1 1 1 1 1 1 1 1 1 1 1 1 1 1 1
1 1 1 1 1 1 1 1 1 1 1 1 1 1 1 1 1 1 1 1 1 1 1 1 1 1 1 1 1 1 1 1 1 1 1 1 1 1 1 1 1 1 1 1 1 1 1 1 1 1 1 1 1 1 1 1 1 1 1 1 1 1 1
1 1 1 1 1 1 1 1 1 1 1 1 1 1 1 1 1 1 1 1 1 1 1 1 1 1 1 1 1 1 1 1 1 1 1 1 1 1 1 1 1 1 1 1 1 1 1 1 1 1 1 1 1 1 1 1 1 1 1 1 1 1 1
1 1 1 1 1 1 1 1 1 1 1 1 1 1 1 1 1 1 1 1 1 1 1 1 1 1 1 1 1 1 1 1 1 1 1 1 1 1 1 1 1 1 1 1 1 1 1 1 1 1 1 1 1 1 1 1 1 1 1 1 1 1 1
1 1 1 1 1 1 1 1 1 1 1 1 1 1 1 1 1 1 1 1 1 1 1 1 1 1 1 1 1 1 1 1 1 1 1 1 1 1 1 1 1 1 1 1 1 1 1 1 1 1 1 1 1 1 1 1 1 1 1 1 1 1 1
1 1 1 1 1 1 1 1 1 1 1 1 1 1 1 1 1 1 1 1 1 1 1 1 1 1 1 1 1 1 1 1 1 1 1 1 1 1 1 1 1 1 1 1 1 1 1 1 1 1 1 1 1 1 1 1 1 1 1 1 1 1 1
1 1 1 1 1 1 1 1 1 1 1 1 1 1 1 1 1 1 1 1 1 1 1 1 1 1 1 1 1 1 1 1 1 1 1 1 1 1 1 1 1 1 1 1 1 1 1 1 1 1 1 1 1 1 1 1 1 1 1 1 1 1 1
1 1 1 1 1 1 1 1 1 1 1 1 1 1 1 1 1 1 1 1 1 1 1 1 1 1 1 1 1 1 1 1 1 1 1 1 1 1 1 1 1 1 1 1 1 1 1 1 1 1 1 1 1 1 1 1 1 1 1 1 1 1 1
1 1 1 1 1 1 1 1 1 1 1 1 1 1 1 1 1 1 1 1 1 1 1 1 1 1 1 1 1 1 1 1 1 1 1 1 1 1 1 1 1 1 1 1 1 1 1 1 1 1 1 1 1 1 1 1 1 1 1 1 1 1 1
1 1 1 1 1 1 1 1 1 1 1 1 1 1 1 1 1 1 1 1 1 1 1 1 1 1 1 1 1 1 1 1 1 1 1 1 1 1 1 1 1 1 1 1 1 1 1 1 1 1 1 1 1 1 1 1 1 1 1 1 1 1 1
0.5680845379829407 0.6947424411773682 6.221401172012975e-09 0.5315708518028259 0.6647644639015198 0.030668210238218307 0.5150656700134277 0.601131021976471 0.052657514810562134 0.5111497640609741 0.5502907037734985 0.0651848241686821 0.512543261051178 0.5160542726516724 0.07568246126174927 0.5606799125671387 0.5199273824691772 0.07246957719326019 0.5302082896232605 0.46799236536026 0.08933395147323608 0.49412107467651367 0.4366540312767029 0.09231889247894287 0.46570438146591187 0.41878542304039 0.0921153649687767 0.5725757479667664 0.5019059777259827 0.055495698004961014 0.5386303067207336 0.4427294433116913 0.0736212283372879 0.5030518770217896 0.4076078534126282 0.07001933455467224 0.4717552661895752 0.38876157999038696 0.06463540345430374 0.5785467624664307 0.486002117395401 0.03750833868980408 0.5442778468132019 0.42434489727020264 0.04960880056023598 0.5063901543617249 0.38955849409103394 0.04343276098370552 0.47092205286026 0.3745653033256531 0.0362655334174633 0.5790374875068665 0.47729307413101196 0.019829990342259407 0.5460138916969299 0.42276644706726074 0.02427750825881958 0.518217921257019 0.3930002748966217 0.021372726187109947 0.49079906940460205 0.3808707296848297 0.017495786771178246
0.5720921158790588 0.7167773246765137 9.090503461095523e-09 0.5320827960968018 0.6958737373352051 0.041162531822919846 0.5128670334815979 0.6359100937843323 0.07267947494983673 0.5106119513511658 0.586670994758606 0.09167030453681946 0.5141962766647339 0.5549309849739075 0.10914870351552963 0.555018961429596 0.5577383041381836 0.10866828262805939 0.5303997993469238 0.49857062101364136 0.13746145367622375 0.49835777282714844 0.46029940247535706 0.14639686048030853 0.47292065620422363 0.4389338195323944 0.15013137459754944 0.5686396956443787 0.5329355597496033 0.08962596952915192 0.5380942821502686 0.4682162404060364 0.12006507813930511 0.5029340982437134 0.4278356432914734 0.12028216570615768 0.4727475643157959 0.4066990613937378 0.11830408871173859 0.577298104763031 0.5109100937843323 0.06845061480998993 0.5482906699180603 0.44641178846359253 0.09098298847675323 0.510667622089386 0.40483492612838745 0.08756184577941895 0.4743252098560333 0.38638848066329956 0.08246888965368271 0.5797399282455444 0.49351736903190613 0.04760332405567169 0.5519704818725586 0.4316522479057312 0.06007144972681999 0.5263273119926453 0.39813077449798584 0.060138385742902756 0.4993181824684143 0.38646507263183594 0.05850663036108017
1 1 1 1 1 1 1 1 1 1 1 1 1 1 1 1 1 1 1 1 1 1 1 1 1 1 1 1 1 1 1 1 1 1 1 1 1 1 1 1 1 1 1 1 1 1 1 1 1 1 1 1 1 1 1 1 1 1 1 1 1 1 1
1 1 1 1 1 1 1 1 1 1 1 1 1 1 1 1 1 1 1 1 1 1 1 1 1 1 1 1 1 1 1 1 1 1 1 1 1 1 1 1 1 1 1 1 1 1 1 1 1 1 1 1 1 1 1 1 1 1 1 1 1 1 1
1 1 1 1 1 1 1 1 1 1 1 1 1 1 1 1 1 1 1 1 1 1 1 1 1 1 1 1 1 1 1 1 1 1 1 1 1 1 1 1 1 1 1 1 1 1 1 1 1 1 1 1 1 1 1 1 1 1 1 1 1 1 1
1 1 1 1 1 1 1 1 1 1 1 1 1 1 1 1 1 1 1 1 1 1 1 1 1 1 1 1 1 1 1 1 1 1 1 1 1 1 1 1 1 1 1 1 1 1 1 1 1 1 1 1 1 1 1 1 1 1 1 1 1 1 1
1 1 1 1 1 1 1 1 1 1 1 1 1 1 1 1 1 1 1 1 1 1 1 1 1 1 1 1 1 1 1 1 1 1 1 1 1 1 1 1 1 1 1 1 1 1 1 1 1 1 1 1 1 1 1 1 1 1 1 1 1 1 1
0.46898844838142395 0.4208732545375824 1.717968434178374e-09 0.4558698534965515 0.36771059036254883 -0.0011917524971067905 0.46126434206962585 0.3090946674346924 -0.011166226118803024 0.4873344600200653 0.26854461431503296 -0.021231109276413918 0.511573076248169 0.2481476217508316 -0.03117569349706173 0.4271105229854584 0.25741446018218994 -0.03251824155449867 0.492881178855896 0.218948632478714 -0.04357777163386345 0.5267049670219421 0.2334323227405548 -0.050949763506650925 0.5418618321418762 0.24868044257164001 -0.0573137141764164 0.4381345510482788 0.2591465711593628 -0.03927711024880409 0.5160549283027649 0.2310613989830017 -0.04681804031133652 0.5433130264282227 0.25454872846603394 -0.055269353091716766 0.5525118112564087 0.27937379479408264 -0.06647506356239319 0.45629698038101196 0.2686188220977783 -0.043008074164390564 0.528065025806427 0.24509191513061523 -0.042746882885694504 0.5484091639518738 0.2673388719558716 -0.04695334658026695 0.5555613040924072 0.28701674938201904 -0.05612289160490036 0.478216290473938 0.2817157804965973 -0.047341637313365936 0.5296522378921509 0.25907257199287415 -0.04617719724774361 0.5515720248222351 0.26664456725120544 -0.04798233136534691 0.5646895170211792 0.2757197618484497 -0.05356054753065109
0.4676094353199005 0.4173157513141632 -2.193899284463896e-09 0.4619848132133484 0.3719483017921448 0.05445212125778198 0.4670070707798004 0.31626832485198975 0.08684797585010529 0.4870997667312622 0.28620362281799316 0.10924656689167023 0.5073819160461426 0.27054667472839355 0.1295962780714035 0.45603132247924805 0.2560703754425049 0.07984763383865356 0.49710139632225037 0.2374345064163208 0.107872873544693 0.525613009929657 0.25103479623794556 0.11855553835630417 0.5399656891822815 0.27173760533332825 0.1225532814860344 0.4690892994403839 0.2450256645679474 0.06009208410978317 0.5125750303268433 0.22964677214622498 0.09231720119714737 0.5414382815361023 0.24344617128372192 0.09515424072742462 0.5575876832008362 0.2643357217311859 0.09053730219602585 0.4859183132648468 0.24506747722625732 0.04336828738451004 0.5280880928039551 0.22715646028518677 0.0731087252497673 0.5560662746429443 0.23806260526180267 0.07005206495523453 0.5728129148483276 0.2570651173591614 0.05993417650461197 0.505815327167511 0.25140291452407837 0.02969965524971485 0.5400744676589966 0.23859238624572754 0.04983394220471382 0.5597445368766785 0.2465028166770935 0.05011511594057083 0.572795569896698 0.2588915228843689 0.04551123455166817
1 1 1 1 1 1 1 1 1 1 1 1 1 1 1 1 1 1 1 1 1 1 1 1 1 1 1 1 1 1 1 1 1 1 1 1 1 1 1 1 1 1 1 1 1 1 1 1 1 1 1 1 1 1 1 1 1 1 1 1 1 1 1
0.46126651763916016 0.4880947768688202 3.1945726064463997e-09 0.5421943664550781 0.4956110119819641 0.04151797294616699 0.5959008932113647 0.4512004256248474 0.06423122435808182 0.6149027943611145 0.39068204164505005 0.08505046367645264 0.6010717153549194 0.3569711744785309 0.10910382866859436 0.6015356183052063 0.3112010657787323 0.027272148057818413 0.6250361204147339 0.27239030599594116 0.06515863537788391 0.6135135293006897 0.3084857165813446 0.09839605540037155 0.5941904783248901 0.33493897318840027 0.1185724288225174 0.5612080693244934 0.2663625478744507 0.020213307812809944 0.5911594033241272 0.238395094871521 0.06376343220472336 0.5871071219444275 0.2694186866283417 0.09665435552597046 0.5733378529548645 0.2981192469596863 0.11424534767866135 0.5226594805717468 0.248052179813385 0.02114197239279747 0.5524920225143433 0.22947265207767487 0.06884514540433884 0.5517569780349731 0.2619381248950958 0.09664449840784073 0.5402722358703613 0.29361990094184875 0.10805615782737732 0.48776426911354065 0.24541735649108887 0.024612300097942352 0.5177662372589111 0.23643656075000763 0.0669943317770958 0.5161249041557312 0.2640208899974823 0.09016107767820358 0.5046623349189758 0.2905997633934021 0.10258469730615616
0.45809632539749146 0.4888162612915039 -1.8285327696432319e-09 0.5383379459381104 0.4919869899749756 0.03691529855132103 0.5898258090019226 0.4479784071445465 0.060470014810562134 0.6076900362968445 0.3922693133354187 0.08300254493951797 0.5947245955467224 0.3540697693824768 0.10883535444736481 0.5984527468681335 0.3106997013092041 0.031455714255571365 0.6242730617523193 0.28053346276283264 0.07063566893339157 0.6159188151359558 0.31278562545776367 0.10346505045890808 0.6001105308532715 0.33782726526260376 0.12325090914964676 0.5571988821029663 0.2641739845275879 0.02740015834569931 0.5858296751976013 0.24176597595214844 0.0732998251914978 0.5825983881950378 0.2755792737007141 0.105379119515419 0.5699436068534851 0.3038644790649414 0.12252366542816162 0.5170519351959229 0.2479560375213623 0.029878901317715645 0.546299397945404 0.23654496669769287 0.07840096950531006 0.545960009098053 0.2706281840801239 0.10350799560546875 0.5350630283355713 0.2990674376487732 0.11326853930950165 0.4816320836544037 0.24829943478107452 0.03466960787773132 0.509261965751648 0.24419935047626495 0.07497373223304749 0.5108940601348877 0.2699472904205322 0.09504323452711105 0.5027673840522766 0.2940956652164459 0.10596399754285812
0.45663559436798096 0.49025440216064453 -1.7288886988708896e-09 0.5343472957611084 0.4974399209022522 0.03616495430469513 0.5860868692398071 0.45164838433265686 0.060596711933612823 0.6056301593780518 0.3903801143169403 0.08378573507070541 0.5955074429512024 0.3453424870967865 0.10975978523492813 0.595565140247345 0.31874731183052063 0.03483569622039795 0.6205376386642456 0.2897530496120453 0.0753825306892395 0.6136188507080078 0.3184387981891632 0.108220174908638 0.5995221138000488 0.33869993686676025 0.12805825471878052 0.5592633485794067 0.27248096466064453 0.03152582049369812 0.5904132127761841 0.25654250383377075 0.07914972305297852 0.5886145234107971 0.2875295877456665 0.11135341227054596 0.5765246748924255 0.31638991832733154 0.1285577118396759 0.5225977897644043 0.2566373348236084 0.034480080008506775 0.5566895604133606 0.24540749192237854 0.08344993740320206 0.5573137998580933 0.2758132219314575 0.10873667895793915 0.5468668937683105 0.30433136224746704 0.11852900683879852 0.4891430735588074 0.25729379057884216 0.039575740694999695 0.5206642746925354 0.2552674412727356 0.08023783564567566 0.5245070457458496 0.2784755229949951 0.10069871693849564 0.5183805823326111 0.3022376000881195 0.11177138984203339
0.4645436406135559 0.5271422863006592 1.1270203659208278e-09 0.5444086790084839 0.5114821791648865 0.001099219312891364 0.5909373164176941 0.4483679533004761 0.007127814926207066 0.5971072912216187 0.3919590413570404 0.017712676897644997 0.5776253342628479 0.3602595329284668 0.03032875992357731 0.5667530298233032 0.2934291362762451 -0.008532818406820297 0.5900477170944214 0.2809775471687317 0.014716271311044693 0.5872408151626587 0.3327552378177643 0.03227309137582779 0.5763397216796875 0.3605232536792755 0.04131319746375084 0.5230467319488525 0.2698902487754822 0.0004744755569845438 0.5519530773162842 0.26454657316207886 0.029449431225657463 0.5578039288520813 0.30692148208618164 0.045179370790719986 0.5513525009155273 0.3345886468887329 0.0497940257191658 0.48506537079811096 0.2742525637149811 0.014057556167244911 0.5181773900985718 0.26712825894355774 0.04692543298006058 0.5230841040611267 0.30499976873397827 0.05903901159763336 0.5166053771972656 0.3320780396461487 0.05977899953722954 0.45383381843566895 0.294266015291214 0.02718358300626278 0.4842090606689453 0.28510886430740356 0.05361674353480339 0.4910593032836914 0.31024667620658875 0.06458878517150879 0.48616865277290344 0.33341675996780396 0.06828626245260239
1 1 1 1 1 1 1 1 1 1 1 1 1 1 1 1 1 1 1 1 1 1 1 1 1 1 1 1 1 1 1 1 1 1 1 1 1 1 1 1 1 1 1 1 1 1 1 1 1 1 1 1 1 1 1 1 1 1 1 1 1 1 1
1 1 1 1 1 1 1 1 1 1 1 1 1 1 1 1 1 1 1 1 1 1 1 1 1 1 1 1 1 1 1 1 1 1 1 1 1 1 1 1 1 1 1 1 1 1 1 1 1 1 1 1 1 1 1 1 1 1 1 1 1 1 1
1 1 1 1 1 1 1 1 1 1 1 1 1 1 1 1 1 1 1 1 1 1 1 1 1 1 1 1 1 1 1 1 1 1 1 1 1 1 1 1 1 1 1 1 1 1 1 1 1 1 1 1 1 1 1 1 1 1 1 1 1 1 1
1 1 1 1 1 1 1 1 1 1 1 1 1 1 1 1 1 1 1 1 1 1 1 1 1 1 1 1 1 1 1 1 1 1 1 1 1 1 1 1 1 1 1 1 1 1 1 1 1 1 1 1 1 1 1 1 1 1 1 1 1 1 1
1 1 1 1 1 1 1 1 1 1 1 1 1 1 1 1 1 1 1 1 1 1 1 1 1 1 1 1 1 1 1 1 1 1 1 1 1 1 1 1 1 1 1 1 1 1 1 1 1 1 1 1 1 1 1 1 1 1 1 1 1 1 1
0.4773670732975006 0.561760663986206 3.744655696635846e-09 0.4342462122440338 0.4766337275505066 -0.010015266947448254 0.42762765288352966 0.3701350688934326 -0.003262112382799387 0.44592705368995667 0.2821289300918579 -0.0019832204561680555 0.4736330509185791 0.2264994978904724 -0.0006849635392427444 0.47862759232521057 0.33176344633102417 0.06607872247695923 0.5025209188461304 0.25057727098464966 0.07157102972269058 0.5015883445739746 0.235348179936409 0.06644278764724731 0.5000088214874268 0.24532565474510193 0.06173897534608841 0.5136205554008484 0.34591004252433777 0.06255996227264404 0.5441213846206665 0.2557205855846405 0.0538913793861866 0.5357198119163513 0.2583160996437073 0.0254093948751688 0.5263795256614685 0.2926104962825775 0.01112403441220522 0.5452218055725098 0.36949893832206726 0.053368497639894485 0.5749565362930298 0.281444787979126 0.03700382262468338 0.5592092275619507 0.2875949740409851 0.005908134859055281 0.5437504649162292 0.3297770619392395 -0.009321385063230991 0.5766823887825012 0.4005523920059204 0.042061179876327515 0.5973559021949768 0.33056262135505676 0.027845846489071846 0.5830003619194031 0.32584941387176514 0.009290268644690514 0.5664718151092529 0.35165664553642273 -0.00125973136164248
0.48249319195747375 0.5898827314376831 7.710561966689511e-09 0.4377347528934479 0.4940294921398163 -0.013213477097451687 0.4249410927295685 0.39088281989097595 -0.007299027405679226 0.4409331977367401 0.30446261167526245 -0.0068013956770300865 0.4637710750102997 0.2394552081823349 -0.007840271107852459 0.4627031683921814 0.3528361916542053 0.07210206240415573 0.47359174489974976 0.2735249102115631 0.08260618895292282 0.47877922654151917 0.23140162229537964 0.07412721961736679 0.4833084046840668 0.20886629819869995 0.06528100371360779 0.5020104050636292 0.3621044158935547 0.07022522389888763 0.5204977989196777 0.2785842716693878 0.07706693559885025 0.5276705026626587 0.2536219656467438 0.047913067042827606 0.5292019844055176 0.2601098418235779 0.02771563082933426 0.539431095123291 0.3827372193336487 0.06144719570875168 0.5534704327583313 0.30049756169319153 0.0608501099050045 0.5543745160102844 0.2780088484287262 0.02589537762105465 0.5506482720375061 0.2916135787963867 0.0016115800244733691 0.578491747379303 0.4119015634059906 0.04976557195186615 0.5850695967674255 0.34465456008911133 0.044365763664245605 0.5789936184883118 0.3156581223011017 0.02312527224421501 0.5732053518295288 0.3157738745212555 0.006896123290061951
0.4879949688911438 0.5918102860450745 6.542878239201855e-09 0.4405158758163452 0.5042306184768677 -0.01445226464420557 0.42175206542015076 0.40483251214027405 -0.009360574185848236 0.43453410267829895 0.3238229751586914 -0.007401509676128626 0.4497532248497009 0.2640117406845093 -0.005892684683203697 0.45372170209884644 0.36158275604248047 0.06504722684621811 0.46080225706100464 0.2901870608329773 0.08503652364015579 0.46762344241142273 0.24363020062446594 0.08682624995708466 0.47630831599235535 0.21121732890605927 0.0855155810713768 0.4923539161682129 0.3712140917778015 0.07069791108369827 0.4995817542076111 0.30672895908355713 0.09919190406799316 0.5061634182929993 0.27493929862976074 0.09473904222249985 0.5127437114715576 0.2702385187149048 0.08875031769275665 0.5284383893013 0.3940051198005676 0.06991653889417648 0.5380132794380188 0.3310953974723816 0.09278956800699234 0.5403921008110046 0.30389219522476196 0.08432377874851227 0.5414594411849976 0.3011211156845093 0.07403647154569626 0.5680521726608276 0.42396360635757446 0.06462903320789337 0.5730454325675964 0.3757932484149933 0.07948008924722672 0.5715746283531189 0.35291218757629395 0.07735759764909744 0.5713313221931458 0.34574833512306213 0.0735703706741333
1 1 1 1 1 1 1 1 1 1 1 1 1 1 1 1 1 1 1 1 1 1 1 1 1 1 1 1 1 1 1 1 1 1 1 1 1 1 1 1 1 1 1 1 1 1 1 1 1 1 1 1 1 1 1 1 1 1 1 1 1 1 1
1 1 1 1 1 1 1 1 1 1 1 1 1 1 1 1 1 1 1 1 1 1 1 1 1 1 1 1 1 1 1 1 1 1 1 1 1 1 1 1 1 1 1 1 1 1 1 1 1 1 1 1 1 1 1 1 1 1 1 1 1 1 1
1 1 1 1 1 1 1 1 1 1 1 1 1 1 1 1 1 1 1 1 1 1 1 1 1 1 1 1 1 1 1 1 1 1 1 1 1 1 1 1 1 1 1 1 1 1 1 1 1 1 1 1 1 1 1 1 1 1 1 1 1 1 1
1 1 1 1 1 1 1 1 1 1 1 1 1 1 1 1 1 1 1 1 1 1 1 1 1 1 1 1 1 1 1 1 1 1 1 1 1 1 1 1 1 1 1 1 1 1 1 1 1 1 1 1 1 1 1 1 1 1 1 1 1 1 1
0.49166053533554077 0.4348583221435547 -5.689118620644251e-10 0.4621400833129883 0.38133081793785095 -0.03389107808470726 0.4603062868118286 0.30574169754981995 -0.052862267941236496 0.48141294717788696 0.2566938102245331 -0.06854188442230225 0.5045491456985474 0.2267087697982788 -0.08540105074644089 0.5063146948814392 0.2749370336532593 -0.04122256115078926 0.5361452102661133 0.2222505807876587 -0.062374915927648544 0.544199526309967 0.22515946626663208 -0.07439114898443222 0.5391068458557129 0.24230234324932098 -0.08235850930213928 0.5359134078025818 0.305317759513855 -0.037657830864191055 0.5667749643325806 0.25565996766090393 -0.06729996204376221 0.5670358538627625 0.26972946524620056 -0.08694981038570404 0.5563187599182129 0.29164621233940125 -0.09712669998407364 0.5578950643539429 0.3432633578777313 -0.036291539669036865 0.5856376886367798 0.3025099039077759 -0.06601843982934952 0.5839341282844543 0.3079412877559662 -0.0858997032046318 0.5706279277801514 0.3222135305404663 -0.09565618634223938 0.5719876885414124 0.3903457522392273 -0.03750217705965042 0.5949468016624451 0.36778879165649414 -0.06180020049214363 0.5925713181495667 0.3687869608402252 -0.07645908743143082 0.5808486938476562 0.3758578896522522 -0.08475659787654877
