0 0 0 0 0 0 0 0 0 0 0 0 0 0 0 0 0 0 0 0 0 0 0 0 0 0 0 0 0 0 0 0 0 0 0 0 0 0 0 0 0 0 0 0 0 0 0 0 0 0 0 0 0 0 0 0 0 0 0 0 0 0 0
0 0 0 0 0 0 0 0 0 0 0 0 0 0 0 0 0 0 0 0 0 0 0 0 0 0 0 0 0 0 0 0 0 0 0 0 0 0 0 0 0 0 0 0 0 0 0 0 0 0 0 0 0 0 0 0 0 0 0 0 0 0 0
0 0 0 0 0 0 0 0 0 0 0 0 0 0 0 0 0 0 0 0 0 0 0 0 0 0 0 0 0 0 0 0 0 0 0 0 0 0 0 0 0 0 0 0 0 0 0 0 0 0 0 0 0 0 0 0 0 0 0 0 0 0 0
0 0 0 0 0 0 0 0 0 0 0 0 0 0 0 0 0 0 0 0 0 0 0 0 0 0 0 0 0 0 0 0 0 0 0 0 0 0 0 0 0 0 0 0 0 0 0 0 0 0 0 0 0 0 0 0 0 0 0 0 0 0 0
0.23196502029895782 0.5734379291534424 2.5468473552336945e-08 0.3093390464782715 0.4920554459095001 0.041011106222867966 0.38373759388923645 0.4586586654186249 0.07205238938331604 0.4249108135700226 0.47514501214027405 0.09630166739225388 0.43379831314086914 0.510423481464386 0.11921146512031555 0.4208105504512787 0.4129084050655365 0.06893552094697952 0.5016620755195618 0.44950705766677856 0.09578929096460342 0.5424728393554688 0.4826606214046478 0.10128559172153473 0.5675389766693115 0.5100465416908264 0.10088220983743668 0.4157533049583435 0.44890013337135315 0.05640031024813652 0.4523138403892517 0.5448482036590576 0.09819550812244415 0.42115840315818787 0.5695530772209167 0.104218028485775 0.3927403688430786 0.5711425542831421 0.1001274436712265 0.4009627103805542 0.5035592317581177 0.04655606672167778 0.4135861396789551 0.5858192443847656 0.08983103185892105 0.3748806416988373 0.598219096660614 0.08477514982223511 0.34733352065086365 0.5972836017608643 0.0703662782907486 0.38411760330200195 0.5621123313903809 0.03722364827990532 0.3869820833206177 0.6257731318473816 0.0722724124789238 0.35349902510643005 0.635105550289154 0.07488954812288284 0.3276408016681671 0.6360730528831482 0.06996084749698639
0.22748154401779175 0.5698489546775818 1.686116846144614e-08 0.29269903898239136 0.4784936308860779 0.04743695259094238 0.3651130795478821 0.4398120045661926 0.06509658694267273 0.41431984305381775 0.4479169249534607 0.07307121157646179 0.43894162774086 0.4759041965007782 0.07897154986858368 0.41594111919403076 0.4033046066761017 0.036170847713947296 0.49574294686317444 0.4391181170940399 0.04139983654022217 0.5440425872802734 0.4664519727230072 0.034553274512290955 0.5752508640289307 0.4909398555755615 0.02684648707509041 0.4243520200252533 0.4431379735469818 0.009898374788463116 0.4575575888156891 0.5357389450073242 0.02880094200372696 0.4339809715747833 0.5596005916595459 0.03087172843515873 0.41091930866241455 0.5618433952331543 0.023769456893205643 0.41992223262786865 0.501562774181366 -0.012154893949627876 0.4224964380264282 0.5838994383811951 0.01322889607399702 0.38038837909698486 0.5959941744804382 0.017431484535336494 0.3494831919670105 0.5941833257675171 0.009470565244555473 0.40902647376060486 0.5637040138244629 -0.03335101902484894 0.40724360942840576 0.628650963306427 -0.010418104007840157 0.3696187436580658 0.637075662612915 -0.002861856948584318 0.3402462303638458 0.6355516314506531 -0.0038379051256924868
0 0 0 0 0 0 0 0 0 0 0 0 0 0 0 0 0 0 0 0 0 0 0 0 0 0 0 0 0 0 0 0 0 0 0 0 0 0 0 0 0 0 0 0 0 0 0 0 0 0 0 0 0 0 0 0 0 0 0 0 0 0 0
0 0 0 0 0 0 0 0 0 0 0 0 0 0 0 0 0 0 0 0 0 0 0 0 0 0 0 0 0 0 0 0 0 0 0 0 0 0 0 0 0 0 0 0 0 0 0 0 0 0 0 0 0 0 0 0 0 0 0 0 0 0 0
0 0 0 0 0 0 0 0 0 0 0 0 0 0 0 0 0 0 0 0 0 0 0 0 0 0 0 0 0 0 0 0 0 0 0 0 0 0 0 0 0 0 0 0 0 0 0 0 0 0 0 0 0 0 0 0 0 0 0 0 0 0 0
0 0 0 0 0 0 0 0 0 0 0 0 0 0 0 0 0 0 0 0 0 0 0 0 0 0 0 0 0 0 0 0 0 0 0 0 0 0 0 0 0 0 0 0 0 0 0 0 0 0 0 0 0 0 0 0 0 0 0 0 0 0 0
0 0 0 0 0 0 0 0 0 0 0 0 0 0 0 0 0 0 0 0 0 0 0 0 0 0 0 0 0 0 0 0 0 0 0 0 0 0 0 0 0 0 0 0 0 0 0 0 0 0 0 0 0 0 0 0 0 0 0 0 0 0 0
0 0 0 0 0 0 0 0 0 0 0 0 0 0 0 0 0 0 0 0 0 0 0 0 0 0 0 0 0 0 0 0 0 0 0 0 0 0 0 0 0 0 0 0 0 0 0 0 0 0 0 0 0 0 0 0 0 0 0 0 0 0 0
0.5933252573013306 0.762875497341156 4.617449089749925e-09 0.5795248746871948 0.6844178438186646 0.030752116814255714 0.5375410318374634 0.6349709630012512 0.046326130628585815 0.5044247508049011 0.6049416661262512 0.056611206382513046 0.473766028881073 0.5808626413345337 0.06386592984199524 0.4580121338367462 0.682409405708313 0.03493938595056534 0.38134923577308655 0.6925743818283081 0.045053690671920776 0.32574501633644104 0.6982134580612183 0.04729479178786278 0.2787700891494751 0.7018413543701172 0.04624344781041145 0.4485173523426056 0.7132571339607239 0.021288136020302773 0.36910074949264526 0.7150875926017761 0.032228998839855194 0.30849647521972656 0.7112985253334045 0.03261689096689224 0.2591246962547302 0.7101966142654419 0.02965330146253109 0.44472283124923706 0.7465351819992065 0.010206351056694984 0.3703426122665405 0.7328147888183594 0.01821555197238922 0.31715577840805054 0.7240868806838989 0.01702599972486496 0.2751771807670593 0.7210696935653687 0.01308349333703518 0.4458999037742615 0.7780721187591553 0.000825187424197793 0.39917808771133423 0.7585916519165039 0.00202734163030982 0.36346957087516785 0.7445876002311707 0.0007969178259372711 0.33460354804992676 0.7371748685836792 -0.001808464527130127
0 0 0 0 0 0 0 0 0 0 0 0 0 0 0 0 0 0 0 0 0 0 0 0 0 0 0 0 0 0 0 0 0 0 0 0 0 0 0 0 0 0 0 0 0 0 0 0 0 0 0 0 0 0 0 0 0 0 0 0 0 0 0
0 0 0 0 0 0 0 0 0 0 0 0 0 0 0 0 0 0 0 0 0 0 0 0 0 0 0 0 0 0 0 0 0 0 0 0 0 0 0 0 0 0 0 0 0 0 0 0 0 0 0 0 0 0 0 0 0 0 0 0 0 0 0
0 0 0 0 0 0 0 0 0 0 0 0 0 0 0 0 0 0 0 0 0 0 0 0 0 0 0 0 0 0 0 0 0 0 0 0 0 0 0 0 0 0 0 0 0 0 0 0 0 0 0 0 0 0 0 0 0 0 0 0 0 0 0
0.257479727268219 0.6642257571220398 9.110713961035799e-09 0.32541540265083313 0.701932430267334 -0.019611023366451263 0.3842999339103699 0.7289869785308838 -0.05116702616214752 0.4188801646232605 0.7674951553344727 -0.08914811164140701 0.44377070665359497 0.8128626346588135 -0.1291910707950592 0.4572125971317291 0.5596052408218384 -0.028557049110531807 0.5177797675132751 0.5164322257041931 -0.06232336908578873 0.5514250993728638 0.525741457939148 -0.08987085521221161 0.5720390677452087 0.5534793734550476 -0.11087477207183838 0.43228575587272644 0.518774688243866 -0.05334509536623955 0.49623051285743713 0.4714827537536621 -0.09048561751842499 0.5325028896331787 0.48555830121040344 -0.12316112965345383 0.5577777624130249 0.5206469297409058 -0.14828738570213318 0.3899673819541931 0.48720431327819824 -0.08204474300146103 0.44836023449897766 0.4427696466445923 -0.11648145318031311 0.4874841868877411 0.4612794518470764 -0.14489898085594177 0.5195266008377075 0.49912798404693604 -0.16638118028640747 0.333138644695282 0.46946316957473755 -0.11435756087303162 0.37411877512931824 0.4287395477294922 -0.14349941909313202 0.4028000235557556 0.4399236738681793 -0.16146647930145264 0.4249032437801361 0.4685872197151184 -0.17724677920341492
0 0 0 0 0 0 0 0 0 0 0 0 0 0 0 0 0 0 0 0 0 0 0 0 0 0 0 0 0 0 0 0 0 0 0 0 0 0 0 0 0 0 0 0 0 0 0 0 0 0 0 0 0 0 0 0 0 0 0 0 0 0 0
0 0 0 0 0 0 0 0 0 0 0 0 0 0 0 0 0 0 0 0 0 0 0 0 0 0 0 0 0 0 0 0 0 0 0 0 0 0 0 0 0 0 0 0 0 0 0 0 0 0 0 0 0 0 0 0 0 0 0 0 0 0 0
0 0 0 0 0 0 0 0 0 0 0 0 0 0 0 0 0 0 0 0 0 0 0 0 0 0 0 0 0 0 0 0 0 0 0 0 0 0 0 0 0 0 0 0 0 0 0 0 0 0 0 0 0 0 0 0 0 0 0 0 0 0 0
0.6228203177452087 0.7381219863891602 9.757340713179019e-09 0.5708327889442444 0.673312783241272 0.04112193360924721 0.4991442859172821 0.6629586219787598 0.052819639444351196 0.4465736448764801 0.6774958372116089 0.055634450167417526 0.4041885435581207 0.689207136631012 0.05364607274532318 0.45116904377937317 0.6879901885986328 0.008456929586827755 0.3770560920238495 0.6792030930519104 -0.005594592075794935 0.32737964391708374 0.6628919243812561 -0.01687285490334034 0.2848358750343323 0.6436847448348999 -0.026318680495023727 0.4550681710243225 0.7177556157112122 -0.022472262382507324 0.37701597809791565 0.7103750705718994 -0.0413895882666111 0.32385092973709106 0.6921079754829407 -0.05428909882903099 0.27917546033859253 0.6733251214027405 -0.06542687118053436 0.46587416529655457 0.7519975900650024 -0.04892362654209137 0.39322781562805176 0.7460501790046692 -0.06691324710845947 0.34546613693237305 0.7256721258163452 -0.07541727274656296 0.3087311387062073 0.7092100977897644 -0.08255841583013535 0.48281392455101013 0.7858266830444336 -0.07238677889108658 0.43593311309814453 0.7835593819618225 -0.08819849789142609 0.40262165665626526 0.7687820196151733 -0.0945991575717926 0.37507376074790955 0.7572396397590637 -0.10091536492109299
0.5960531234741211 0.7488737106323242 2.58357513160945e-09 0.5435977578163147 0.6864110827445984 0.04588247463107109 0.4807244837284088 0.6667736172676086 0.06761413812637329 0.4333130717277527 0.6634219288825989 0.07903929799795151 0.39160650968551636 0.6612541079521179 0.08605214208364487 0.43346959352493286 0.6906420588493347 0.03952601179480553 0.36129066348075867 0.6922833919525146 0.04052391275763512 0.30977845191955566 0.6937270760536194 0.03816885128617287 0.26410961151123047 0.6919917464256287 0.03369804099202156 0.4332747459411621 0.7089272737503052 0.01000987645238638 0.3560656011104584 0.70802241563797 0.007284682709723711 0.30227845907211304 0.7087528705596924 -0.0009399451082572341 0.256053626537323 0.706413209438324 -0.009610584005713463 0.4405645728111267 0.7289915084838867 -0.016479196026921272 0.36893945932388306 0.7186586856842041 -0.025228705257177353 0.32132017612457275 0.7153884768486023 -0.03625941276550293 0.28094691038131714 0.7119965553283691 -0.045323051512241364 0.4541357755661011 0.7492667436599731 -0.0398382842540741 0.41063249111175537 0.7382404208183289 -0.05272771045565605 0.3778005540370941 0.730436384677887 -0.06257131695747375 0.3490755558013916 0.7250474095344543 -0.07047300040721893
0.24764208495616913 0.5641860961914062 1.5805001751800773e-08 0.30617037415504456 0.4576166570186615 0.04215424135327339 0.3801201581954956 0.42958155274391174 0.08215103298425674 0.42189303040504456 0.4534560739994049 0.11345604062080383 0.4382423758506775 0.493083655834198 0.14612416923046112 0.4538734555244446 0.444019079208374 0.11659903824329376 0.511987566947937 0.45900267362594604 0.1571080982685089 0.5381386280059814 0.4871459901332855 0.17634019255638123 0.5523895025253296 0.5132315158843994 0.18560199439525604 0.4489552080631256 0.5143479108810425 0.10622979700565338 0.5005524158477783 0.5558029413223267 0.14682289958000183 0.5274305939674377 0.5943813920021057 0.15017597377300262 0.5451551675796509 0.6218963265419006 0.14900052547454834 0.42492911219596863 0.5771446824073792 0.0953298956155777 0.4278773367404938 0.6205320358276367 0.12526042759418488 0.37598350644111633 0.6251976490020752 0.12116125971078873 0.33799758553504944 0.6186854839324951 0.1193525493144989 0.39001214504241943 0.6360054612159729 0.08508867770433426 0.3908716142177582 0.6548815965652466 0.10635270923376083 0.34811466932296753 0.6526188850402832 0.10864283889532089 0.3102836608886719 0.6495595574378967 0.11212106049060822
0 0 0 0 0 0 0 0 0 0 0 0 0 0 0 0 0 0 0 0 0 0 0 0 0 0 0 0 0 0 0 0 0 0 0 0 0 0 0 0 0 0 0 0 0 0 0 0 0 0 0 0 0 0 0 0 0 0 0 0 0 0 0
0 0 0 0 0 0 0 0 0 0 0 0 0 0 0 0 0 0 0 0 0 0 0 0 0 0 0 0 0 0 0 0 0 0 0 0 0 0 0 0 0 0 0 0 0 0 0 0 0 0 0 0 0 0 0 0 0 0 0 0 0 0 0
0 0 0 0 0 0 0 0 0 0 0 0 0 0 0 0 0 0 0 0 0 0 0 0 0 0 0 0 0 0 0 0 0 0 0 0 0 0 0 0 0 0 0 0 0 0 0 0 0 0 0 0 0 0 0 0 0 0 0 0 0 0 0
0 0 0 0 0 0 0 0 0 0 0 0 0 0 0 0 0 0 0 0 0 0 0 0 0 0 0 0 0 0 0 0 0 0 0 0 0 0 0 0 0 0 0 0 0 0 0 0 0 0 0 0 0 0 0 0 0 0 0 0 0 0 0
0 0 0 0 0 0 0 0 0 0 0 0 0 0 0 0 0 0 0 0 0 0 0 0 0 0 0 0 0 0 0 0 0 0 0 0 0 0 0 0 0 0 0 0 0 0 0 0 0 0 0 0 0 0 0 0 0 0 0 0 0 0 0
0 0 0 0 0 0 0 0 0 0 0 0 0 0 0 0 0 0 0 0 0 0 0 0 0 0 0 0 0 0 0 0 0 0 0 0 0 0 0 0 0 0 0 0 0 0 0 0 0 0 0 0 0 0 0 0 0 0 0 0 0 0 0
0 0 0 0 0 0 0 0 0 0 0 0 0 0 0 0 0 0 0 0 0 0 0 0 0 0 0 0 0 0 0 0 0 0 0 0 0 0 0 0 0 0 0 0 0 0 0 0 0 0 0 0 0 0 0 0 0 0 0 0 0 0 0
0 0 0 0 0 0 0 0 0 0 0 0 0 0 0 0 0 0 0 0 0 0 0 0 0 0 0 0 0 0 0 0 0 0 0 0 0 0 0 0 0 0 0 0 0 0 0 0 0 0 0 0 0 0 0 0 0 0 0 0 0 0 0
0 0 0 0 0 0 0 0 0 0 0 0 0 0 0 0 0 0 0 0 0 0 0 0 0 0 0 0 0 0 0 0 0 0 0 0 0 0 0 0 0 0 0 0 0 0 0 0 0 0 0 0 0 0 0 0 0 0 0 0 0 0 0
0 0 0 0 0 0 0 0 0 0 0 0 0 0 0 0 0 0 0 0 0 0 0 0 0 0 0 0 0 0 0 0 0 0 0 0 0 0 0 0 0 0 0 0 0 0 0 0 0 0 0 0 0 0 0 0 0 0 0 0 0 0 0
0 0 0 0 0 0 0 0 0 0 0 0 0 0 0 0 0 0 0 0 0 0 0 0 0 0 0 0 0 0 0 0 0 0 0 0 0 0 0 0 0 0 0 0 0 0 0 0 0 0 0 0 0 0 0 0 0 0 0 0 0 0 0
0 0 0 0 0 0 0 0 0 0 0 0 0 0 0 0 0 0 0 0 0 0 0 0 0 0 0 0 0 0 0 0 0 0 0 0 0 0 0 0 0 0 0 0 0 0 0 0 0 0 0 0 0 0 0 0 0 0 0 0 0 0 0
0 0 0 0 0 0 0 0 0 0 0 0 0 0 0 0 0 0 0 0 0 0 0 0 0 0 0 0 0 0 0 0 0 0 0 0 0 0 0 0 0 0 0 0 0 0 0 0 0 0 0 0 0 0 0 0 0 0 0 0 0 0 0
0 0 0 0 0 0 0 0 0 0 0 0 0 0 0 0 0 0 0 0 0 0 0 0 0 0 0 0 0 0 0 0 0 0 0 0 0 0 0 0 0 0 0 0 0 0 0 0 0 0 0 0 0 0 0 0 0 0 0 0 0 0 0
0 0 0 0 0 0 0 0 0 0 0 0 0 0 0 0 0 0 0 0 0 0 0 0 0 0 0 0 0 0 0 0 0 0 0 0 0 0 0 0 0 0 0 0 0 0 0 0 0 0 0 0 0 0 0 0 0 0 0 0 0 0 0
0 0 0 0 0 0 0 0 0 0 0 0 0 0 0 0 0 0 0 0 0 0 0 0 0 0 0 0 0 0 0 0 0 0 0 0 0 0 0 0 0 0 0 0 0 0 0 0 0 0 0 0 0 0 0 0 0 0 0 0 0 0 0
0 0 0 0 0 0 0 0 0 0 0 0 0 0 0 0 0 0 0 0 0 0 0 0 0 0 0 0 0 0 0 0 0 0 0 0 0 0 0 0 0 0 0 0 0 0 0 0 0 0 0 0 0 0 0 0 0 0 0 0 0 0 0
0.3024749755859375 0.5563086867332458 -2.4531141562533776e-09 0.38820603489875793 0.6100989580154419 0.042544543743133545 0.4745963215827942 0.608511745929718 0.0523243248462677 0.5333467125892639 0.5791245698928833 0.058416906744241714 0.5676229000091553 0.5291067361831665 0.06627742201089859 0.5113047957420349 0.5845112204551697 -0.018382882699370384 0.5832438468933105 0.5384300351142883 -0.0026962007395923138 0.5713837742805481 0.534975528717041 0.02603439800441265 0.5497204661369324 0.5490133762359619 0.045127369463443756 0.48864105343818665 0.5263747572898865 -0.037289898842573166 0.5582070350646973 0.48622816801071167 -0.023250646889209747 0.546489953994751 0.4959784746170044 0.007752506993710995 0.5248699188232422 0.5162203311920166 0.028467224910855293 0.45822688937187195 0.46878477931022644 -0.04689742624759674 0.5250043869018555 0.43515676259994507 -0.02605319581925869 0.5134174823760986 0.4511580467224121 0.007169677410274744 0.4910264015197754 0.4760282039642334 0.025925666093826294 0.4243161082267761 0.4158185124397278 -0.05298856273293495 0.4812127351760864 0.3957154154777527 -0.034023135900497437 0.47978052496910095 0.41529029607772827 -0.009834563359618187 0.46501579880714417 0.43883439898490906 0.00640376191586256
0 0 0 0 0 0 0 0 0 0 0 0 0 0 0 0 0 0 0 0 0 0 0 0 0 0 0 0 0 0 0 0 0 0 0 0 0 0 0 0 0 0 0 0 0 0 0 0 0 0 0 0 0 0 0 0 0 0 0 0 0 0 0
0.6018673181533813 0.772904634475708 6.338848113074391e-09 0.587580144405365 0.6959697604179382 -0.0322752483189106 0.5476709008216858 0.6279488205909729 -0.04582608491182327 0.5199883580207825 0.5706912279129028 -0.05111581087112427 0.4958791732788086 0.5288881063461304 -0.05655570700764656 0.460523784160614 0.6873209476470947 -0.03472017124295235 0.3796670436859131 0.6809132695198059 -0.033689793199300766 0.3242419362068176 0.6802352070808411 -0.03448175638914108 0.2787806987762451 0.6797778010368347 -0.03533897176384926 0.45114919543266296 0.7170345187187195 -0.012464330531656742 0.373141884803772 0.7059350609779358 -0.002043746178969741 0.31386852264404297 0.6951725482940674 0.003104880917817354 0.26465845108032227 0.6878411769866943 0.0029141975101083517 0.4501127600669861 0.7434796094894409 0.009480671025812626 0.3814413547515869 0.7208946943283081 0.02492179349064827 0.3290417194366455 0.7045523524284363 0.03037888929247856 0.28794118762016296 0.6941134929656982 0.02876340225338936 0.45494359731674194 0.7645571231842041 0.02748151309788227 0.4072883129119873 0.742554247379303 0.03839077055454254 0.3676490783691406 0.7288925647735596 0.04128940403461456 0.33453109860420227 0.7185688018798828 0.04030885174870491
0 0 0 0 0 0 0 0 0 0 0 0 0 0 0 0 0 0 0 0 0 0 0 0 0 0 0 0 0 0 0 0 0 0 0 0 0 0 0 0 0 0 0 0 0 0 0 0 0 0 0 0 0 0 0 0 0 0 0 0 0 0 0
0 0 0 0 0 0 0 0 0 0 0 0 0 0 0 0 0 0 0 0 0 0 0 0 0 0 0 0 0 0 0 0 0 0 0 0 0 0 0 0 0 0 0 0 0 0 0 0 0 0 0 0 0 0 0 0 0 0 0 0 0 0 0
0 0 0 0 0 0 0 0 0 0 0 0 0 0 0 0 0 0 0 0 0 0 0 0 0 0 0 0 0 0 0 0 0 0 0 0 0 0 0 0 0 0 0 0 0 0 0 0 0 0 0 0 0 0 0 0 0 0 0 0 0 0 0
0.2890550494194031 0.6480303406715393 7.68485541868813e-09 0.35448864102363586 0.6998419761657715 -0.003762101521715522 0.4212085008621216 0.7221658229827881 -0.0030567622743546963 0.47373685240745544 0.7375175356864929 -0.005858906079083681 0.5119137763977051 0.7662490606307983 -0.006582551635801792 0.47107890248298645 0.5913232564926147 0.03939114138484001 0.5320510864257812 0.5631354451179504 0.046710267663002014 0.548851490020752 0.587787389755249 0.05169814079999924 0.54268479347229 0.6178573369979858 0.05524073913693428 0.45928946137428284 0.5423943400382996 0.03499387577176094 0.5296288132667542 0.5021035671234131 0.040295980870723724 0.559834897518158 0.5193191766738892 0.03331897035241127 0.5689535737037659 0.551068902015686 0.0291038416326046 0.4362495243549347 0.5017037987709045 0.02663060836493969 0.5029633045196533 0.45262274146080017 0.027695704251527786 0.5368872880935669 0.4708155393600464 0.017283009365200996 0.5557802319526672 0.5037579536437988 0.010814346373081207 0.40413713455200195 0.471648246049881 0.016150997951626778 0.456756055355072 0.4281237721443176 0.015596803277730942 0.48646801710128784 0.44057270884513855 0.011169238947331905 0.5045112371444702 0.470544695854187 0.007804336957633495
0 0 0 0 0 0 0 0 0 0 0 0 0 0 0 0 0 0 0 0 0 0 0 0 0 0 0 0 0 0 0 0 0 0 0 0 0 0 0 0 0 0 0 0 0 0 0 0 0 0 0 0 0 0 0 0 0 0 0 0 0 0 0
0 0 0 0 0 0 0 0 0 0 0 0 0 0 0 0 0 0 0 0 0 0 0 0 0 0 0 0 0 0 0 0 0 0 0 0 0 0 0 0 0 0 0 0 0 0 0 0 0 0 0 0 0 0 0 0 0 0 0 0 0 0 0
0.6158662438392639 0.7863590717315674 2.6163431421366568e-09 0.5534105896949768 0.7294697761535645 -0.11582563072443008 0.4905855655670166 0.6331161856651306 -0.13374820351600647 0.4556211829185486 0.5436652302742004 -0.12664368748664856 0.4168539345264435 0.4691791236400604 -0.11495588719844818 0.4916805624961853 0.5089882016181946 -0.033755384385585785 0.46348220109939575 0.4582545757293701 -0.03315787389874458 0.4688721001148224 0.4979323148727417 -0.037255484610795975 0.4858120083808899 0.5364513397216797 -0.040170107036828995 0.5044859647750854 0.5427236557006836 0.03337869420647621 0.4798021614551544 0.5125256776809692 0.017585672438144684 0.49589991569519043 0.5753198862075806 -0.015646668151021004 0.5193753242492676 0.6136735081672668 -0.031143203377723694 0.5121237635612488 0.5829212069511414 0.09095486253499985 0.49644935131073 0.5636160969734192 0.06446301192045212 0.5064526796340942 0.6159071326255798 0.013898056000471115 0.5202747583389282 0.6525139212608337 -0.010587197728455067 0.519005298614502 0.6195896863937378 0.1420445740222931 0.4981488287448883 0.6036701202392578 0.11779820173978806 0.5095440745353699 0.6385082602500916 0.08003893494606018 0.525443971157074 0.674247145652771 0.059417080134153366
0.6379877328872681 0.8368831872940063 1.4511723378518582e-08 0.5408127903938293 0.7682062387466431 -0.07933207601308823 0.47063159942626953 0.6670495867729187 -0.08630025386810303 0.4345320165157318 0.5757777690887451 -0.07843787223100662 0.39628222584724426 0.4925222396850586 -0.06704302132129669 0.5250830054283142 0.5731902122497559 0.027414465323090553 0.48767784237861633 0.4805045425891876 0.059046290814876556 0.44188767671585083 0.452486127614975 0.07224294543266296 0.40582528710365295 0.4610689878463745 0.08172550052404404 0.5473207831382751 0.5975033044815063 0.08771849423646927 0.5231116414070129 0.49671515822410583 0.13203120231628418 0.47727346420288086 0.46994537115097046 0.13677968084812164 0.4405736029148102 0.48041003942489624 0.13955996930599213 0.5594998598098755 0.6309276819229126 0.1388891339302063 0.538150429725647 0.5538566708564758 0.17702919244766235 0.4912838339805603 0.5261417627334595 0.17033188045024872 0.4535095989704132 0.5348454117774963 0.16367919743061066 0.5623713731765747 0.668815016746521 0.18149584531784058 0.5352757573127747 0.6094885468482971 0.2091904729604721 0.5001110434532166 0.5873247981071472 0.20848645269870758 0.47014254331588745 0.5923069715499878 0.2079627960920334
0.6308605670928955 0.8274438381195068 -2.4476114468541255e-09 0.5369552969932556 0.7905104160308838 -0.08725619316101074 0.46466168761253357 0.6824363470077515 -0.09712643176317215 0.41938090324401855 0.5825232267379761 -0.08177048712968826 0.3797133266925812 0.5055627226829529 -0.059726178646087646 0.5277266502380371 0.5068502426147461 -0.04353363439440727 0.4277765154838562 0.4955211281776428 -0.02631109580397606 0.39408499002456665 0.5473538637161255 -0.012189982458949089 0.3828155994415283 0.5802589654922485 -0.001713078934699297 0.5568500757217407 0.5181310176849365 0.018743861466646194 0.4586752951145172 0.5330885648727417 0.0403207503259182 0.43707990646362305 0.6200642585754395 0.04544898867607117 0.4391847848892212 0.6666721105575562 0.049813661724328995 0.5662123560905457 0.5489039421081543 0.07639501243829727 0.48252588510513306 0.5683240294456482 0.08867761492729187 0.464643269777298 0.6430699825286865 0.07525837421417236 0.4691062271595001 0.6858993172645569 0.06837499886751175 0.5658646821975708 0.5832481384277344 0.1297394037246704 0.5035404562950134 0.5965815186500549 0.13813775777816772 0.4847509264945984 0.6472362279891968 0.12910841405391693 0.4810009300708771 0.680860698223114 0.12514068186283112
0.6353811621665955 0.8225185871124268 3.334579945502014e-09 0.5520514845848083 0.7953065633773804 -0.10742148011922836 0.4876665771007538 0.7080920338630676 -0.13118666410446167 0.43857860565185547 0.6266053318977356 -0.12805011868476868 0.4024178087711334 0.5576972961425781 -0.11782503873109818 0.5511120557785034 0.5259253978729248 -0.06678652763366699 0.4427034556865692 0.5004870295524597 -0.06453070789575577 0.39819949865341187 0.5259336829185486 -0.062341999262571335 0.37087923288345337 0.5395907759666443 -0.05863453447818756 0.5667489767074585 0.5280067920684814 0.0014429785078391433 0.4631582498550415 0.5107842683792114 0.008262431249022484 0.42409199476242065 0.5523451566696167 0.003957169130444527 0.4003022611141205 0.5699750185012817 0.0018831492634490132 0.5666455030441284 0.5462961792945862 0.06264651566743851 0.47642943263053894 0.5427755117416382 0.06286448985338211 0.4488781988620758 0.5889589786529541 0.046765752136707306 0.4361651837825775 0.6126533150672913 0.039381738752126694 0.558028519153595 0.5725550055503845 0.11718183010816574 0.4868840277194977 0.5676511526107788 0.11871226131916046 0.4650577902793884 0.6041733026504517 0.10831799358129501 0.457122802734375 0.629562258720398 0.1031528115272522
0.6538909673690796 0.8263594508171082 5.9757798709370036e-09 0.5634793639183044 0.7681671380996704 -0.08067257702350616 0.49432870745658875 0.6583603024482727 -0.08818882703781128 0.44257718324661255 0.5817031264305115 -0.07466356456279755 0.40773171186447144 0.5551754236221313 -0.05629711225628853 0.6040940284729004 0.5215279459953308 -0.039511002600193024 0.5084311962127686 0.47915345430374146 -0.03831861913204193 0.44223177433013916 0.4984571933746338 -0.03869716078042984 0.39737266302108765 0.5256509780883789 -0.03499816730618477 0.6212216019630432 0.539091944694519 0.015054652467370033 0.5123323798179626 0.5127345323562622 0.020185191184282303 0.45344284176826477 0.5587753057479858 0.012103211134672165 0.42123252153396606 0.5899733901023865 0.008853192441165447 0.6219303607940674 0.5659322142601013 0.06366001069545746 0.5244382619857788 0.5471330881118774 0.06294118613004684 0.47777438163757324 0.5868813395500183 0.04343508556485176 0.4565596580505371 0.6192914843559265 0.03443390130996704 0.6121196150779724 0.5969861149787903 0.10639375448226929 0.5325673818588257 0.5804887413978577 0.10710641741752625 0.4924541413784027 0.6099928617477417 0.09473426640033722 0.47338372468948364 0.6351409554481506 0.08822248131036758
0.6707292199134827 0.8046687841415405 4.246429430310172e-09 0.5690708160400391 0.7820742726325989 -0.04171115905046463 0.49164265394210815 0.7094493508338928 -0.05177461355924606 0.4410667419433594 0.6382781863212585 -0.047016583383083344 0.40280550718307495 0.5895969867706299 -0.03800318390130997 0.6070700883865356 0.5707066655158997 -0.05774713307619095 0.5661023855209351 0.45687127113342285 -0.04684918746352196 0.5269699096679688 0.42870253324508667 -0.030513757839798927 0.5010512471199036 0.4302312135696411 -0.016617894172668457 0.6448116302490234 0.5530694127082825 -0.021507272496819496 0.5809491872787476 0.46513423323631287 0.0014195538824424148 0.5389174222946167 0.47811150550842285 0.02316324971616268 0.5185257196426392 0.5093322992324829 0.037304140627384186 0.6657120585441589 0.5537706613540649 0.01627068966627121 0.5964885950088501 0.48773396015167236 0.03799769654870033 0.5600074529647827 0.5017654895782471 0.04870225861668587 0.5416575074195862 0.5307996869087219 0.05511854216456413 0.6758654117584229 0.563850998878479 0.05128808319568634 0.6192341446876526 0.5087485909461975 0.06929098814725876 0.5867511034011841 0.5100423097610474 0.076112300157547 0.5678987503051758 0.5235137939453125 0.08120974153280258
0 0 0 0 0 0 0 0 0 0 0 0 0 0 0 0 0 0 0 0 0 0 0 0 0 0 0 0 0 0 0 0 0 0 0 0 0 0 0 0 0 0 0 0 0 0 0 0 0 0 0 0 0 0 0 0 0 0 0 0 0 0 0
0 0 0 0 0 0 0 0 0 0 0 0 0 0 0 0 0 0 0 0 0 0 0 0 0 0 0 0 0 0 0 0 0 0 0 0 0 0 0 0 0 0 0 0 0 0 0 0 0 0 0 0 0 0 0 0 0 0 0 0 0 0 0
0 0 0 0 0 0 0 0 0 0 0 0 0 0 0 0 0 0 0 0 0 0 0 0 0 0 0 0 0 0 0 0 0 0 0 0 0 0 0 0 0 0 0 0 0 0 0 0 0 0 0 0 0 0 0 0 0 0 0 0 0 0 0
0 0 0 0 0 0 0 0 0 0 0 0 0 0 0 0 0 0 0 0 0 0 0 0 0 0 0 0 0 0 0 0 0 0 0 0 0 0 0 0 0 0 0 0 0 0 0 0 0 0 0 0 0 0 0 0 0 0 0 0 0 0 0
0 0 0 0 0 0 0 0 0 0 0 0 0 0 0 0 0 0 0 0 0 0 0 0 0 0 0 0 0 0 0 0 0 0 0 0 0 0 0 0 0 0 0 0 0 0 0 0 0 0 0 0 0 0 0 0 0 0 0 0 0 0 0
0 0 0 0 0 0 0 0 0 0 0 0 0 0 0 0 0 0 0 0 0 0 0 0 0 0 0 0 0 0 0 0 0 0 0 0 0 0 0 0 0 0 0 0 0 0 0 0 0 0 0 0 0 0 0 0 0 0 0 0 0 0 0
0 0 0 0 0 0 0 0 0 0 0 0 0 0 0 0 0 0 0 0 0 0 0 0 0 0 0 0 0 0 0 0 0 0 0 0 0 0 0 0 0 0 0 0 0 0 0 0 0 0 0 0 0 0 0 0 0 0 0 0 0 0 0
0.2267177551984787 0.6833361387252808 1.4434420769759981e-08 0.3073856234550476 0.6480405330657959 -0.020375002175569534 0.404994398355484 0.656952440738678 -0.0367848239839077 0.4750944674015045 0.6930349469184875 -0.05264712870121002 0.5267052054405212 0.7145493030548096 -0.06893674284219742 0.4228135645389557 0.634857177734375 -0.02955918200314045 0.5051316022872925 0.6626685857772827 -0.04792613908648491 0.5584394931793213 0.6665434837341309 -0.06513507664203644 0.6046285629272461 0.66685551404953 -0.07889480143785477 0.40372705459594727 0.6589635610580444 -0.0314074382185936 0.4735056161880493 0.733345627784729 -0.04777061194181442 0.4915185868740082 0.7504373788833618 -0.061701398342847824 0.505872905254364 0.756778359413147 -0.07357951998710632 0.3786458969116211 0.6940983533859253 -0.033606044948101044 0.4390489161014557 0.7613922357559204 -0.04538409784436226 0.4506627321243286 0.7699702382087708 -0.05140057951211929 0.46143361926078796 0.769376814365387 -0.057860348373651505 0.35067301988601685 0.7349196672439575 -0.0391993373632431 0.39788326621055603 0.7779203057289124 -0.043920062482357025 0.4054340124130249 0.7867563366889954 -0.04511936753988266 0.4099404513835907 0.7899043560028076 -0.04874831810593605
0 0 0 0 0 0 0 0 0 0 0 0 0 0 0 0 0 0 0 0 0 0 0 0 0 0 0 0 0 0 0 0 0 0 0 0 0 0 0 0 0 0 0 0 0 0 0 0 0 0 0 0 0 0 0 0 0 0 0 0 0 0 0
0 0 0 0 0 0 0 0 0 0 0 0 0 0 0 0 0 0 0 0 0 0 0 0 0 0 0 0 0 0 0 0 0 0 0 0 0 0 0 0 0 0 0 0 0 0 0 0 0 0 0 0 0 0 0 0 0 0 0 0 0 0 0
0 0 0 0 0 0 0 0 0 0 0 0 0 0 0 0 0 0 0 0 0 0 0 0 0 0 0 0 0 0 0 0 0 0 0 0 0 0 0 0 0 0 0 0 0 0 0 0 0 0 0 0 0 0 0 0 0 0 0 0 0 0 0
0.17202994227409363 0.6742389798164368 2.085363348669489e-08 0.2774074077606201 0.6795065402984619 -0.06970144063234329 0.390159010887146 0.6943074464797974 -0.06263484060764313 0.47447866201400757 0.7243911623954773 -0.04535314440727234 0.5335221886634827 0.7438182830810547 -0.027478286996483803 0.412459135055542 0.6126561164855957 0.06671763211488724 0.4932575523853302 0.6705211400985718 0.08594551682472229 0.5350391864776611 0.705592930316925 0.07444386929273605 0.5554955005645752 0.7291223406791687 0.06376022845506668 0.37947940826416016 0.6388782858848572 0.11200883984565735 0.43200764060020447 0.7405922412872314 0.12427708506584167 0.41900789737701416 0.7998296022415161 0.08452395349740982 0.400735467672348 0.8330049514770508 0.06202530860900879 0.3504878878593445 0.6690768003463745 0.14766374230384827 0.3927742838859558 0.7620974779129028 0.15429815649986267 0.3889658749103546 0.8057229518890381 0.10351745784282684 0.3767169117927551 0.8273634910583496 0.07186980545520782 0.330275297164917 0.7002235651016235 0.17596153914928436 0.36397701501846313 0.7612894177436829 0.18079833686351776 0.36576157808303833 0.7917717695236206 0.14967654645442963 0.3574697971343994 0.8140354156494141 0.12793026864528656
0.15059512853622437 0.6794064044952393 -2.863279890963355e-10 0.25931423902511597 0.6423947811126709 -0.05985312536358833 0.3688980042934418 0.650236189365387 -0.0628095418214798 0.446699857711792 0.6862861514091492 -0.059196751564741135 0.5067682862281799 0.7054073810577393 -0.05316830426454544 0.41957753896713257 0.6801953315734863 0.051662854850292206 0.4866502285003662 0.7393782138824463 0.06639422476291656 0.4910452961921692 0.7840067744255066 0.0602412149310112 0.4819433093070984 0.8133281469345093 0.053499627858400345 0.38560959696769714 0.7298891544342041 0.0843513086438179 0.4391000270843506 0.7859500646591187 0.09748537093400955 0.4364147186279297 0.832169234752655 0.06811399012804031 0.4226718544960022 0.8646242618560791 0.04825742915272713 0.34508106112480164 0.767716109752655 0.10790453851222992 0.38537415862083435 0.8202582597732544 0.11692476272583008 0.39456525444984436 0.8527095317840576 0.08108196407556534 0.38943955302238464 0.8722896575927734 0.0557069331407547 0.30484551191329956 0.8014506697654724 0.12410937994718552 0.3317102789878845 0.8312780261039734 0.1315118670463562 0.34241193532943726 0.8528892993927002 0.1108187809586525 0.3459548056125641 0.8715523481369019 0.09432993829250336
0 0 0 0 0 0 0 0 0 0 0 0 0 0 0 0 0 0 0 0 0 0 0 0 0 0 0 0 0 0 0 0 0 0 0 0 0 0 0 0 0 0 0 0 0 0 0 0 0 0 0 0 0 0 0 0 0 0 0 0 0 0 0
0 0 0 0 0 0 0 0 0 0 0 0 0 0 0 0 0 0 0 0 0 0 0 0 0 0 0 0 0 0 0 0 0 0 0 0 0 0 0 0 0 0 0 0 0 0 0 0 0 0 0 0 0 0 0 0 0 0 0 0 0 0 0
0 0 0 0 0 0 0 0 0 0 0 0 0 0 0 0 0 0 0 0 0 0 0 0 0 0 0 0 0 0 0 0 0 0 0 0 0 0 0 0 0 0 0 0 0 0 0 0 0 0 0 0 0 0 0 0 0 0 0 0 0 0 0
0.20323722064495087 0.7166561484336853 1.470999233532666e-08 0.30571991205215454 0.7062671780586243 -0.04994383081793785 0.4171726405620575 0.7280888557434082 -0.05339393764734268 0.5037678480148315 0.7702836394309998 -0.054767753928899765 0.5821819305419922 0.7849522233009338 -0.055636581033468246 0.4223376214504242 0.676767110824585 0.07555878907442093 0.4952869117259979 0.7367278933525085 0.09972075372934341 0.541060209274292 0.7734368443489075 0.10025183856487274 0.5714708566665649 0.7986253499984741 0.09762535244226456 0.39574772119522095 0.7052990198135376 0.10325946658849716 0.45422783493995667 0.7912356853485107 0.13788917660713196 0.47282761335372925 0.8315059542655945 0.13159117102622986 0.4922264814376831 0.8567789793014526 0.12653985619544983 0.37009260058403015 0.7417378425598145 0.12083607912063599 0.4165755808353424 0.8188719749450684 0.15571185946464539 0.4398399889469147 0.8510026335716248 0.15142187476158142 0.46156632900238037 0.8701895475387573 0.14320647716522217 0.3469546437263489 0.7848507761955261 0.12876677513122559 0.38216879963874817 0.839276909828186 0.15783579647541046 0.3987751603126526 0.8663744926452637 0.16055962443351746 0.4133587181568146 0.8884013295173645 0.1599467545747757
0.19800478219985962 0.7068078517913818 1.845821628876365e-08 0.2733525037765503 0.7365186214447021 -0.001606619916856289 0.36579546332359314 0.767387330532074 -0.0011132039362564683 0.43821001052856445 0.8020366430282593 0.0009312009206041694 0.48426711559295654 0.8109614253044128 0.0027394923381507397 0.3984362483024597 0.657316267490387 -0.01062946766614914 0.4870729148387909 0.7304084300994873 -0.007408320438116789 0.5367451906204224 0.765743613243103 -0.01062415074557066 0.5750100016593933 0.7869373559951782 -0.015051640570163727 0.39521145820617676 0.6539713740348816 -0.009057017043232918 0.4504712224006653 0.7610945701599121 0.0069826929830014706 0.460523784160614 0.7968052625656128 0.004854846745729446 0.46870243549346924 0.8086578845977783 -0.0033717050682753325 0.3853816092014313 0.6724873185157776 -0.004297538194805384 0.4262632429599762 0.7746504545211792 0.02095295861363411 0.4010392725467682 0.7976138591766357 0.025462156161665916 0.38182416558265686 0.8001161217689514 0.02035496197640896 0.37472692131996155 0.7061288952827454 -0.0019470726838335395 0.415066123008728 0.7776971459388733 0.01995726488530636 0.3996327221393585 0.7947901487350464 0.026991162449121475 0.38304033875465393 0.7959786653518677 0.02754983864724636
0.20629814267158508 0.7104086875915527 1.13969473858333e-08 0.30620330572128296 0.7284684777259827 -0.0616767555475235 0.4169679582118988 0.7512900233268738 -0.067128986120224 0.4979434609413147 0.7859729528427124 -0.06355453282594681 0.5692806243896484 0.7984384298324585 -0.05804465711116791 0.4415360689163208 0.6037589311599731 0.0517755001783371 0.5023977756500244 0.6833265423774719 0.08090119808912277 0.51921147108078 0.728264570236206 0.08591245859861374 0.5308432579040527 0.7448230981826782 0.08553163707256317 0.40595149993896484 0.6304094195365906 0.09112638980150223 0.45369160175323486 0.7257177233695984 0.12688365578651428 0.4376108944416046 0.7563032507896423 0.12058502435684204 0.437267929315567 0.7557213306427002 0.11693448573350906 0.3732776343822479 0.6655190587043762 0.12232319265604019 0.4161031246185303 0.742908775806427 0.1567874252796173 0.4051932096481323 0.753920316696167 0.1468161791563034 0.4028317332267761 0.7424286603927612 0.13733084499835968 0.35189273953437805 0.7071791291236877 0.14586986601352692 0.3886606693267822 0.7565318942070007 0.17462405562400818 0.37533220648765564 0.7624898552894592 0.17335355281829834 0.3640073537826538 0.7542937397956848 0.17185775935649872
0.1958388239145279 0.7005820274353027 -4.567540567990136e-09 0.30524593591690063 0.7153598666191101 -0.016728829592466354 0.42203909158706665 0.7461530566215515 -0.023142637684941292 0.5100070834159851 0.7958494424819946 -0.03120109997689724 0.5765780806541443 0.8029837012290955 -0.03570721298456192 0.4523702561855316 0.5857673287391663 0.03673870861530304 0.5097241997718811 0.70664381980896 0.045686274766922 0.4905896782875061 0.7501619458198547 0.03934838995337486 0.4749138355255127 0.7457523345947266 0.030108487233519554 0.41714221239089966 0.600497841835022 0.03950031101703644 0.4473107159137726 0.7457349896430969 0.05128800868988037 0.40670645236968994 0.7724193334579468 0.03261025995016098 0.3899533450603485 0.7595019340515137 0.014608694240450859 0.38948145508766174 0.637120246887207 0.04044312983751297 0.42343202233314514 0.7546499371528625 0.058196697384119034 0.3925938606262207 0.773168683052063 0.04771771281957626 0.3749677240848541 0.7667750716209412 0.03444342315196991 0.3706551194190979 0.6833658814430237 0.037218037992715836 0.4430946409702301 0.7426269054412842 0.049633607268333435 0.48142898082733154 0.7629505395889282 0.04226928576827049 0.5174703598022461 0.7738854885101318 0.03257955610752106
0.1685803383588791 0.7074868679046631 1.6057528640089913e-08 0.2747842073440552 0.7188124060630798 -0.0526556521654129 0.37905141711235046 0.7410285472869873 -0.04135632887482643 0.4533234238624573 0.7814018726348877 -0.02017543837428093 0.4987514615058899 0.8050175905227661 0.003307005390524864 0.41327521204948425 0.6267147064208984 0.0641106590628624 0.4897288680076599 0.6890966296195984 0.09462164342403412 0.5247180461883545 0.7236588597297668 0.09566834568977356 0.5430190563201904 0.7443029284477234 0.09293440729379654 0.3824593126773834 0.6558424830436707 0.10372454673051834 0.443920761346817 0.7504275441169739 0.1347256898880005 0.4358002543449402 0.8030192852020264 0.11420747637748718 0.4275088906288147 0.8278542160987854 0.10042154788970947 0.3530660569667816 0.6920128464698792 0.1357402801513672 0.4036727249622345 0.7788437604904175 0.1564074456691742 0.388736367225647 0.8185813426971436 0.11939006298780441 0.37309080362319946 0.835168182849884 0.09514499455690384 0.3317415118217468 0.7330512404441833 0.16227994859218597 0.3736165463924408 0.7905640602111816 0.17695289850234985 0.3689013719558716 0.8161894083023071 0.1550418585538864 0.3575564920902252 0.8308704495429993 0.13901464641094208
0 0 0 0 0 0 0 0 0 0 0 0 0 0 0 0 0 0 0 0 0 0 0 0 0 0 0 0 0 0 0 0 0 0 0 0 0 0 0 0 0 0 0 0 0 0 0 0 0 0 0 0 0 0 0 0 0 0 0 0 0 0 0
0 0 0 0 0 0 0 0 0 0 0 0 0 0 0 0 0 0 0 0 0 0 0 0 0 0 0 0 0 0 0 0 0 0 0 0 0 0 0 0 0 0 0 0 0 0 0 0 0 0 0 0 0 0 0 0 0 0 0 0 0 0 0
0.47205111384391785 0.7459132671356201 -5.61098056905962e-09 0.4190107583999634 0.7215351462364197 -0.025406332686543465 0.379108726978302 0.6677941679954529 -0.04929352179169655 0.3702683448791504 0.6123160123825073 -0.07393394410610199 0.36356398463249207 0.5666043758392334 -0.10063589364290237 0.3537304401397705 0.5674185752868652 -0.04392273724079132 0.3055422306060791 0.494396448135376 -0.07629730552434921 0.2676427960395813 0.44749903678894043 -0.10249186307191849 0.23659871518611908 0.4085099697113037 -0.12280190736055374 0.38578128814697266 0.5401068329811096 -0.05458018183708191 0.3449591398239136 0.4495069086551666 -0.08713599294424057 0.31146425008773804 0.3888336718082428 -0.1163855567574501 0.2815241813659668 0.335534930229187 -0.14079919457435608 0.4267505407333374 0.530914306640625 -0.06777141243219376 0.39180976152420044 0.4464573860168457 -0.09830699115991592 0.3634709417819977 0.3962019085884094 -0.12548290193080902 0.33695152401924133 0.3500060439109802 -0.14671306312084198 0.47696542739868164 0.5356264114379883 -0.08378487825393677 0.4594300091266632 0.47018614411354065 -0.11205154657363892 0.4417010545730591 0.422573983669281 -0.1329343616962433 0.4233298897743225 0.3785410523414612 -0.15034262835979462
0.5710726380348206 0.7319092750549316 9.615725105049933e-09 0.4836624562740326 0.7306942939758301 -0.004200460389256477 0.4027305841445923 0.6707282066345215 -0.011663604527711868 0.35697445273399353 0.5936845541000366 -0.01882621832191944 0.3240129053592682 0.5350556373596191 -0.02807428687810898 0.3792060911655426 0.6238211393356323 -0.0415659174323082 0.2952517867088318 0.5258758068084717 -0.0603334978222847 0.23951822519302368 0.46111440658569336 -0.07191874831914902 0.19439257681369781 0.4041421413421631 -0.08268813788890839 0.41427430510520935 0.5800622701644897 -0.05111239105463028 0.3500308096408844 0.46898171305656433 -0.06874637305736542 0.30409741401672363 0.3938286304473877 -0.08132624626159668 0.2679624557495117 0.3346802294254303 -0.09433778375387192 0.45717957615852356 0.5503134727478027 -0.05781469866633415 0.4013235867023468 0.450991690158844 -0.07215680181980133 0.3563711941242218 0.38905036449432373 -0.08451619744300842 0.3174479007720947 0.3382422626018524 -0.09681957215070724 0.5053900480270386 0.5323404669761658 -0.06466959416866302 0.46945303678512573 0.45787423849105835 -0.08026956021785736 0.4398028254508972 0.40497225522994995 -0.0918019637465477 0.413994163274765 0.3599989712238312 -0.10294102877378464
0 0 0 0 0 0 0 0 0 0 0 0 0 0 0 0 0 0 0 0 0 0 0 0 0 0 0 0 0 0 0 0 0 0 0 0 0 0 0 0 0 0 0 0 0 0 0 0 0 0 0 0 0 0 0 0 0 0 0 0 0 0 0
0.19764578342437744 0.7117419242858887 2.3957730022061696e-08 0.29853203892707825 0.7110704183578491 -0.04511430114507675 0.40946415066719055 0.7380043864250183 -0.05051814392209053 0.49213796854019165 0.7848921418190002 -0.05264914780855179 0.5616154074668884 0.8027894496917725 -0.054585184901952744 0.412286639213562 0.6567330360412598 0.04459556192159653 0.48464611172676086 0.744207501411438 0.05532563850283623 0.5199903845787048 0.7867725491523743 0.04599086567759514 0.5505693554878235 0.8076799511909485 0.03519478812813759 0.37983769178390503 0.6773118376731873 0.06405757367610931 0.42403414845466614 0.7844889760017395 0.07430557161569595 0.41186997294425964 0.8243699669837952 0.05064508691430092 0.4094043970108032 0.8343163132667542 0.034735605120658875 0.3516179025173187 0.7089125514030457 0.07748661935329437 0.392021507024765 0.8001692891120911 0.08707182109355927 0.3811718821525574 0.8261452913284302 0.06259533762931824 0.3784313499927521 0.8263332843780518 0.044342223554849625 0.32955703139305115 0.7492979764938354 0.08467251807451248 0.3635508418083191 0.8099271059036255 0.09439605474472046 0.3574237525463104 0.8345686197280884 0.08316604048013687 0.3542695641517639 0.8433992266654968 0.07363482564687729
0.21037913858890533 0.6919116377830505 9.388624988559968e-09 0.3070233464241028 0.7400047779083252 -0.03733677417039871 0.41112416982650757 0.7744475603103638 -0.03796389326453209 0.4877273738384247 0.8119449019432068 -0.032338496297597885 0.5451070070266724 0.8231457471847534 -0.026357272639870644 0.43227696418762207 0.6315650939941406 0.03243009373545647 0.4958052337169647 0.7215569019317627 0.06310785561800003 0.5166256427764893 0.7705789804458618 0.07170950621366501 0.5336940288543701 0.7926396727561951 0.07388351112604141 0.4014583230018616 0.6202302575111389 0.06165149807929993 0.4403907060623169 0.731401264667511 0.10685911774635315 0.43282121419906616 0.7610719203948975 0.10736952722072601 0.4311290383338928 0.7663591504096985 0.10153160244226456 0.3728364408016205 0.6295296549797058 0.08782374858856201 0.4090787172317505 0.7212092876434326 0.13284236192703247 0.3984139859676361 0.7322611808776855 0.1272663176059723 0.39194685220718384 0.7269182205200195 0.11510181427001953 0.35190778970718384 0.6513838768005371 0.10862229019403458 0.4037858843803406 0.7060264348983765 0.1401231437921524 0.4105827510356903 0.7189942002296448 0.13951918482780457 0.4119626581668854 0.7247922420501709 0.13513687252998352
0 0 0 0 0 0 0 0 0 0 0 0 0 0 0 0 0 0 0 0 0 0 0 0 0 0 0 0 0 0 0 0 0 0 0 0 0 0 0 0 0 0 0 0 0 0 0 0 0 0 0 0 0 0 0 0 0 0 0 0 0 0 0
0 0 0 0 0 0 0 0 0 0 0 0 0 0 0 0 0 0 0 0 0 0 0 0 0 0 0 0 0 0 0 0 0 0 0 0 0 0 0 0 0 0 0 0 0 0 0 0 0 0 0 0 0 0 0 0 0 0 0 0 0 0 0
0 0 0 0 0 0 0 0 0 0 0 0 0 0 0 0 0 0 0 0 0 0 0 0 0 0 0 0 0 0 0 0 0 0 0 0 0 0 0 0 0 0 0 0 0 0 0 0 0 0 0 0 0 0 0 0 0 0 0 0 0 0 0
0 0 0 0 0 0 0 0 0 0 0 0 0 0 0 0 0 0 0 0 0 0 0 0 0 0 0 0 0 0 0 0 0 0 0 0 0 0 0 0 0 0 0 0 0 0 0 0 0 0 0 0 0 0 0 0 0 0 0 0 0 0 0
0 0 0 0 0 0 0 0 0 0 0 0 0 0 0 0 0 0 0 0 0 0 0 0 0 0 0 0 0 0 0 0 0 0 0 0 0 0 0 0 0 0 0 0 0 0 0 0 0 0 0 0 0 0 0 0 0 0 0 0 0 0 0
0.5873070955276489 0.7426414489746094 -2.8957571895915635e-09 0.5171089172363281 0.7512065768241882 -0.014144648797810078 0.4466872811317444 0.697577714920044 -0.029196124523878098 0.40968313813209534 0.631866991519928 -0.044493965804576874 0.3903123736381531 0.5788665413856506 -0.06343171000480652 0.4277856945991516 0.6117518544197083 -0.04875516518950462 0.3784053921699524 0.5174339413642883 -0.07876111567020416 0.340093195438385 0.45406779646873474 -0.09993095695972443 0.3086610436439514 0.40230971574783325 -0.11633902788162231 0.4581328332424164 0.5745746493339539 -0.060367338359355927 0.40786969661712646 0.46305960416793823 -0.09239453822374344 0.36762934923171997 0.3863564729690552 -0.11704891175031662 0.332163542509079 0.32176071405410767 -0.1376941204071045 0.49775442481040955 0.5486016273498535 -0.07155094295740128 0.44509854912757874 0.4451597034931183 -0.1008453369140625 0.4076440930366516 0.3726710081100464 -0.12367423623800278 0.3773345947265625 0.3152625262737274 -0.1412440687417984 0.5436009764671326 0.5342492461204529 -0.08402132242918015 0.5082319974899292 0.4585391879081726 -0.10998580604791641 0.4811500608921051 0.4048517346382141 -0.12788891792297363 0.45698097348213196 0.3579958975315094 -0.14276716113090515
0 0 0 0 0 0 0 0 0 0 0 0 0 0 0 0 0 0 0 0 0 0 0 0 0 0 0 0 0 0 0 0 0 0 0 0 0 0 0 0 0 0 0 0 0 0 0 0 0 0 0 0 0 0 0 0 0 0 0 0 0 0 0
0.2281145602464676 0.7182547450065613 1.9163355347018296e-08 0.3315771520137787 0.730624794960022 -0.046977654099464417 0.4474965035915375 0.7515520453453064 -0.057021401822566986 0.532013475894928 0.7760816216468811 -0.0606396421790123 0.6025100350379944 0.7759460210800171 -0.063115194439888 0.44491901993751526 0.6532013416290283 0.017301080748438835 0.4948602318763733 0.7639211416244507 0.03251279518008232 0.48314860463142395 0.8076658248901367 0.03587808087468147 0.48146286606788635 0.8127603530883789 0.032948028296232224 0.40452656149864197 0.6743798851966858 0.03941589221358299 0.4480126202106476 0.7886002659797668 0.05756850913167 0.4284510612487793 0.8181729912757874 0.05090755224227905 0.4282425343990326 0.8175539970397949 0.04341190680861473 0.36788177490234375 0.7079100012779236 0.05758516117930412 0.4086821973323822 0.8078606724739075 0.0784924104809761 0.39730992913246155 0.824223518371582 0.07266339659690857 0.3988845944404602 0.8151759505271912 0.0633278414607048 0.339099645614624 0.7501741647720337 0.0696568638086319 0.3708806037902832 0.8235564231872559 0.08833231031894684 0.3597180247306824 0.8388302326202393 0.08914761245250702 0.3553401827812195 0.8364154100418091 0.08677565306425095
0.2118649184703827 0.7317891716957092 -2.8956270714530774e-09 0.3155233860015869 0.7672505974769592 -0.021585339680314064 0.4234066307544708 0.7864919304847717 -0.03013903647661209 0.505659818649292 0.8005662560462952 -0.03514789044857025 0.5662669539451599 0.8013418912887573 -0.03819074109196663 0.45750072598457336 0.635642409324646 -0.017498260363936424 0.5102851986885071 0.7581571936607361 -0.018933070823550224 0.4965876340866089 0.8016536831855774 -0.023221436887979507 0.4929429888725281 0.8042201399803162 -0.029675910249352455 0.42400461435317993 0.6483266353607178 -0.011328454129397869 0.45733436942100525 0.7956128716468811 -0.01233959011733532 0.421956866979599 0.818589448928833 -0.019858961924910545 0.4005202054977417 0.8082086443901062 -0.029354481026530266 0.38870787620544434 0.6858830451965332 -0.004359365440905094 0.41846293210983276 0.8106141090393066 -0.0008705462678335607 0.3915964961051941 0.8240984082221985 -0.0038021737709641457 0.3726438581943512 0.8155706524848938 -0.009667725302278996 0.3556366562843323 0.7335801720619202 -0.0006073720287531614 0.41048556566238403 0.806698739528656 -0.00415840232744813 0.43522909283638 0.8207370042800903 -0.011866065673530102 0.4576200246810913 0.8249908089637756 -0.01883913017809391
0.6393527388572693 0.7403753399848938 2.269224808060244e-09 0.5712330937385559 0.7394487261772156 -0.029651403427124023 0.5260593891143799 0.6959946155548096 -0.0368829146027565 0.5012422800064087 0.6572103500366211 -0.03694739565253258 0.48888126015663147 0.6327017545700073 -0.03498653322458267 0.5480911135673523 0.5458682775497437 -0.02320684678852558 0.5164077877998352 0.4372844696044922 -0.024942690506577492 0.49282148480415344 0.3653862476348877 -0.02927863597869873 0.4763272702693939 0.30451369285583496 -0.032163675874471664 0.5645447373390198 0.5293940305709839 -0.002259999280795455 0.5282642245292664 0.41916629672050476 0.0014424260007217526 0.4988434910774231 0.3463013768196106 -0.001149978139437735 0.47231948375701904 0.2843330204486847 -0.005514216609299183 0.5717273950576782 0.5276979207992554 0.01810314692556858 0.5330340266227722 0.42837727069854736 0.02442000061273575 0.5048313736915588 0.3622773587703705 0.023874666541814804 0.4809557795524597 0.31171369552612305 0.02144641801714897 0.5728905200958252 0.537418782711029 0.03430177643895149 0.5348674654960632 0.4579257369041443 0.03979562222957611 0.5086653232574463 0.40718138217926025 0.03997907415032387 0.483849436044693 0.3686632513999939 0.03841712698340416
0.6429303884506226 0.7557315826416016 7.704766602500968e-09 0.5779153108596802 0.7572522163391113 -0.06605710834264755 0.5302145481109619 0.7230426073074341 -0.09208443015813828 0.5035892128944397 0.6988261342048645 -0.10524656623601913 0.48784539103507996 0.6827505826950073 -0.11514885723590851 0.5487598180770874 0.5562512278556824 -0.0554637648165226 0.515282392501831 0.45602309703826904 -0.06191438063979149 0.4951818883419037 0.39356982707977295 -0.06806863099336624 0.48174965381622314 0.34445977210998535 -0.07080380618572235 0.561869204044342 0.5456603169441223 -0.0167380403727293 0.5252804160118103 0.44316866993904114 -0.01389871072024107 0.5027987957000732 0.37782102823257446 -0.015313929878175259 0.4837065041065216 0.3220618963241577 -0.018046332523226738 0.566612184047699 0.5475714206695557 0.018743125721812248 0.531242311000824 0.4563468396663666 0.02481546252965927 0.5085407495498657 0.39817583560943604 0.023198509588837624 0.48821401596069336 0.35523471236228943 0.0209993626922369 0.5655831098556519 0.5596569776535034 0.046816758811473846 0.5320512056350708 0.4869679808616638 0.0541236586868763 0.5109606981277466 0.44064095616340637 0.053807348012924194 0.4905727505683899 0.4051642119884491 0.05198292061686516
0.6288018226623535 0.806979775428772 3.540996162954002e-09 0.5458914637565613 0.8104910254478455 -0.020765837281942368 0.49346619844436646 0.780573844909668 -0.04490435868501663 0.4515884518623352 0.7755889892578125 -0.07111700624227524 0.41933220624923706 0.7630631923675537 -0.1000969409942627 0.5358547568321228 0.5968878269195557 -0.03662222996354103 0.5137914419174194 0.5036612749099731 -0.06771937012672424 0.4888134300708771 0.4375838041305542 -0.09469959884881973 0.46794113516807556 0.38340073823928833 -0.11483747512102127 0.5510126948356628 0.5873774290084839 -0.048009444028139114 0.5158620476722717 0.47907233238220215 -0.07989749312400818 0.4869695007801056 0.403626024723053 -0.10832113027572632 0.4630129039287567 0.3363650143146515 -0.13101595640182495 0.5582364797592163 0.596746563911438 -0.0615851916372776 0.5231518149375916 0.4957227110862732 -0.09122931212186813 0.4951106309890747 0.429131418466568 -0.1160142794251442 0.4698545038700104 0.37397924065589905 -0.1338333934545517 0.556860089302063 0.6267483234405518 -0.07867327332496643 0.5278369784355164 0.5438448190689087 -0.10698841512203217 0.506283700466156 0.4873272180557251 -0.1274830847978592 0.48647984862327576 0.44100305438041687 -0.14385025203227997
0 0 0 0 0 0 0 0 0 0 0 0 0 0 0 0 0 0 0 0 0 0 0 0 0 0 0 0 0 0 0 0 0 0 0 0 0 0 0 0 0 0 0 0 0 0 0 0 0 0 0 0 0 0 0 0 0 0 0 0 0 0 0
0 0 0 0 0 0 0 0 0 0 0 0 0 0 0 0 0 0 0 0 0 0 0 0 0 0 0 0 0 0 0 0 0 0 0 0 0 0 0 0 0 0 0 0 0 0 0 0 0 0 0 0 0 0 0 0 0 0 0 0 0 0 0
0.5676105618476868 0.7051007151603699 -2.6748048220781584e-09 0.5135130882263184 0.7201786637306213 -0.042620252817869186 0.4523797333240509 0.6970282196998596 -0.07337438315153122 0.41188615560531616 0.6538586020469666 -0.09933646768331528 0.39319726824760437 0.6038886308670044 -0.12902650237083435 0.4290701448917389 0.57627272605896 -0.08352510631084442 0.36378204822540283 0.4840801954269409 -0.1186971664428711 0.31622374057769775 0.42823469638824463 -0.14588427543640137 0.27880609035491943 0.3816891312599182 -0.1687447726726532 0.4561229348182678 0.5431861877441406 -0.08589024841785431 0.3955444097518921 0.4454551041126251 -0.12443890422582626 0.3493680953979492 0.38061463832855225 -0.15912073850631714 0.31241437792778015 0.3282332420349121 -0.188251331448555 0.48967012763023376 0.5258893966674805 -0.0885540097951889 0.43319958448410034 0.43734049797058105 -0.1285865306854248 0.390157550573349 0.3752022683620453 -0.16885893046855927 0.3555251955986023 0.32298582792282104 -0.19858385622501373 0.5314146280288696 0.5233344435691833 -0.09335241466760635 0.491266667842865 0.4597700834274292 -0.1330355703830719 0.4640154540538788 0.4156952500343323 -0.1643516719341278 0.443451464176178 0.3782685399055481 -0.18908672034740448
0.5995025634765625 0.7117748260498047 1.686435768810668e-09 0.5351271033287048 0.7402956485748291 -0.04949282482266426 0.4607713222503662 0.7079060673713684 -0.08885330706834793 0.418687641620636 0.6579983830451965 -0.12112794816493988 0.3981737792491913 0.6039831638336182 -0.15794041752815247 0.4632393717765808 0.5666261911392212 -0.12363483011722565 0.406352698802948 0.4723709225654602 -0.17642690241336823 0.35958507657051086 0.41636186838150024 -0.21370796859264374 0.3211665749549866 0.3724004924297333 -0.24113509058952332 0.49009183049201965 0.5341575145721436 -0.12370705604553223 0.43044590950012207 0.442215234041214 -0.1840955913066864 0.38057762384414673 0.38925454020500183 -0.2269633263349533 0.33874598145484924 0.3501136600971222 -0.2595066726207733 0.5183100700378418 0.5201268196105957 -0.12172514200210571 0.4632045030593872 0.44423991441726685 -0.1763816475868225 0.4170081615447998 0.40037500858306885 -0.216525599360466 0.3803352117538452 0.3729896545410156 -0.24375930428504944 0.5468894243240356 0.5250397324562073 -0.12180835008621216 0.4990288019180298 0.47336864471435547 -0.16830800473690033 0.4658395051956177 0.44312310218811035 -0.1996927708387375 0.43943989276885986 0.42340174317359924 -0.22372768819332123
0 0 0 0 0 0 0 0 0 0 0 0 0 0 0 0 0 0 0 0 0 0 0 0 0 0 0 0 0 0 0 0 0 0 0 0 0 0 0 0 0 0 0 0 0 0 0 0 0 0 0 0 0 0 0 0 0 0 0 0 0 0 0
0 0 0 0 0 0 0 0 0 0 0 0 0 0 0 0 0 0 0 0 0 0 0 0 0 0 0 0 0 0 0 0 0 0 0 0 0 0 0 0 0 0 0 0 0 0 0 0 0 0 0 0 0 0 0 0 0 0 0 0 0 0 0
0.6263282895088196 0.7050263285636902 -2.35804731296696e-09 0.5563185811042786 0.7175664305686951 -0.054988496005535126 0.5007387399673462 0.6845249533653259 -0.07394659519195557 0.45902055501937866 0.6543042063713074 -0.08138994127511978 0.43623924255371094 0.6365119218826294 -0.08610565960407257 0.5084956288337708 0.5286905765533447 -0.046939026564359665 0.4617525637149811 0.43513914942741394 -0.05447936803102493 0.42966973781585693 0.372602641582489 -0.06190073490142822 0.4057261347770691 0.31779834628105164 -0.06573550403118134 0.524170994758606 0.508787989616394 -0.014496429823338985 0.4705475866794586 0.41584512591362 -0.016473615542054176 0.4344657063484192 0.35570406913757324 -0.02225959673523903 0.40516024827957153 0.3055444657802582 -0.02763119712471962 0.5340201258659363 0.5049353837966919 0.01566246524453163 0.4828782379627228 0.42615044116973877 0.016484519466757774 0.44683289527893066 0.3696228265762329 0.012287558987736702 0.42057058215141296 0.3273946940898895 0.008813396096229553 0.539181649684906 0.5144142508506775 0.03959519788622856 0.4921739101409912 0.45232123136520386 0.043229732662439346 0.4620048701763153 0.40980058908462524 0.0414457805454731 0.4377453923225403 0.37846577167510986 0.03903358057141304
0.6379235982894897 0.7230905294418335 9.99878579932556e-09 0.5579015612602234 0.7377577424049377 -0.05208098143339157 0.5008324980735779 0.699560821056366 -0.06789683550596237 0.4762461185455322 0.6552265882492065 -0.06922584027051926 0.46851831674575806 0.6266626119613647 -0.06678133457899094 0.5229296088218689 0.5454337000846863 -0.051738254725933075 0.4722801446914673 0.454453706741333 -0.05008766055107117 0.4412004053592682 0.39951092004776 -0.04744943231344223 0.4198402762413025 0.3539605438709259 -0.04321954771876335 0.5398716330528259 0.5293466448783875 -0.010893335565924644 0.4844897389411926 0.4458698034286499 0.00017638372082728893 0.44946715235710144 0.39245688915252686 0.01129438541829586 0.4234775900840759 0.3497381806373596 0.01752888783812523 0.5482152104377747 0.5322887897491455 0.029523853212594986 0.49277523159980774 0.4643291234970093 0.04473968222737312 0.4570278525352478 0.4157668948173523 0.055228058248758316 0.43155425786972046 0.38149264454841614 0.06110236793756485 0.5506511330604553 0.5464337468147278 0.06396766752004623 0.5028162002563477 0.4972524046897888 0.08042005449533463 0.477682501077652 0.4597011208534241 0.08877535909414291 0.4585515260696411 0.43311232328414917 0.09334167093038559
0.6217144131660461 0.7314972877502441 5.213328435615949e-09 0.5498210787773132 0.7331898808479309 -0.05838770419359207 0.4951469898223877 0.6963377594947815 -0.07187134772539139 0.46736180782318115 0.6661246418952942 -0.07131775468587875 0.4575691819190979 0.6541507840156555 -0.06509780138731003 0.5240515470504761 0.5391932725906372 -0.02913716994225979 0.4794422388076782 0.4544576406478882 -0.019258081912994385 0.45620182156562805 0.4050964415073395 -0.013978158123791218 0.44174692034721375 0.36280614137649536 -0.007986173965036869 0.5370578169822693 0.5305092930793762 0.017775725573301315 0.4891499876976013 0.4486563801765442 0.040825165808200836 0.46312597393989563 0.4006184935569763 0.05428893491625786 0.4419529438018799 0.36018550395965576 0.06228382885456085 0.5401645302772522 0.5386870503425598 0.061276327818632126 0.4957602024078369 0.475270539522171 0.08902215957641602 0.4680369198322296 0.4378156065940857 0.10256370902061462 0.4437260031700134 0.40877071022987366 0.10981449484825134 0.538199245929718 0.5548867583274841 0.09738105535507202 0.49846693873405457 0.49889054894447327 0.12413070350885391 0.48017996549606323 0.4630427360534668 0.13668249547481537 0.46430307626724243 0.43592125177383423 0.14398668706417084
0.5823320150375366 0.7778253555297852 1.7209931257866629e-09 0.5078354477882385 0.787541925907135 0.0011273265117779374 0.4566148817539215 0.7470737099647522 0.0028135806787759066 0.4131670594215393 0.7123819589614868 0.0007079009665176272 0.3792182207107544 0.6731227040290833 -0.0027768847066909075 0.5075501799583435 0.5872904062271118 0.025367559865117073 0.4810604751110077 0.49795830249786377 0.025182003155350685 0.4539746642112732 0.4356837272644043 0.018754351884126663 0.4327998757362366 0.38270217180252075 0.011558419093489647 0.5202261805534363 0.5657185316085815 0.015481024980545044 0.4852635860443115 0.4596131443977356 0.014992361888289452 0.4545865058898926 0.3891627788543701 0.003903066972270608 0.43048304319381714 0.3270977735519409 -0.007076037582010031 0.5230389833450317 0.5567861199378967 0.0032261605374515057 0.4838566780090332 0.45742863416671753 -0.00249092117883265 0.45286789536476135 0.39268726110458374 -0.013830539770424366 0.42731136083602905 0.3417332172393799 -0.023094795644283295 0.5155506134033203 0.5640406608581543 -0.011392069049179554 0.47822096943855286 0.4827916920185089 -0.022472601383924484 0.45413511991500854 0.43528661131858826 -0.03232072293758392 0.4343820810317993 0.3987802565097809 -0.040513068437576294
0 0 0 0 0 0 0 0 0 0 0 0 0 0 0 0 0 0 0 0 0 0 0 0 0 0 0 0 0 0 0 0 0 0 0 0 0 0 0 0 0 0 0 0 0 0 0 0 0 0 0 0 0 0 0 0 0 0 0 0 0 0 0
0 0 0 0 0 0 0 0 0 0 0 0 0 0 0 0 0 0 0 0 0 0 0 0 0 0 0 0 0 0 0 0 0 0 0 0 0 0 0 0 0 0 0 0 0 0 0 0 0 0 0 0 0 0 0 0 0 0 0 0 0 0 0
0.5662094950675964 0.7456246614456177 3.996150965690504e-09 0.4952071011066437 0.7666574716567993 -0.02321404032409191 0.4223179221153259 0.7081869840621948 -0.038955703377723694 0.3890683054924011 0.6261348724365234 -0.05016783997416496 0.37234142422676086 0.5603208541870117 -0.06432583928108215 0.415850430727005 0.6301684379577637 -0.06680215150117874 0.348283588886261 0.5389147400856018 -0.08972026407718658 0.29630976915359497 0.4773644208908081 -0.10386379063129425 0.2544602155685425 0.42318952083587646 -0.11617691814899445 0.44703859090805054 0.5861496329307556 -0.06809543073177338 0.3812810182571411 0.48265498876571655 -0.09316157549619675 0.3303775191307068 0.4106282591819763 -0.10995907336473465 0.2907285690307617 0.34993791580200195 -0.12569838762283325 0.48170536756515503 0.5577275156974792 -0.06695663183927536 0.41640812158584595 0.4629172384738922 -0.09066205471754074 0.3681464195251465 0.4025343358516693 -0.10831429064273834 0.3306233286857605 0.354865700006485 -0.12259361147880554 0.5194766521453857 0.5403744578361511 -0.06695622205734253 0.4657959043979645 0.46783843636512756 -0.09030772000551224 0.4328581988811493 0.421445369720459 -0.10557252168655396 0.405612051486969 0.3844437003135681 -0.11851616948843002
0 0 0 0 0 0 0 0 0 0 0 0 0 0 0 0 0 0 0 0 0 0 0 0 0 0 0 0 0 0 0 0 0 0 0 0 0 0 0 0 0 0 0 0 0 0 0 0 0 0 0 0 0 0 0 0 0 0 0 0 0 0 0
0.18841558694839478 0.7054658532142639 2.0741035555715825e-08 0.30611151456832886 0.7050859332084656 -0.05902564153075218 0.4250974655151367 0.7291855216026306 -0.05808858573436737 0.5143173336982727 0.7592617273330688 -0.04966738075017929 0.5887468457221985 0.7617729902267456 -0.03901778161525726 0.4356043338775635 0.6798007488250732 0.06680713593959808 0.5025790333747864 0.7682876586914062 0.09676596522331238 0.49220556020736694 0.8085647225379944 0.10348296165466309 0.4797702431678772 0.8145650625228882 0.10243146121501923 0.3916744589805603 0.6993105411529541 0.10204783827066422 0.44497883319854736 0.7977023124694824 0.13022258877754211 0.4204580783843994 0.8274613618850708 0.11265283823013306 0.41207608580589294 0.8274813890457153 0.10115119069814682 0.35394009947776794 0.7239729166030884 0.12896066904067993 0.39670640230178833 0.8089243173599243 0.15505072474479675 0.386248916387558 0.8284395933151245 0.1278735101222992 0.385323166847229 0.8228366374969482 0.1067628562450409 0.3250736892223358 0.7526702284812927 0.14871810376644135 0.35721951723098755 0.8107426166534424 0.17009411752223969 0.354566752910614 0.8295220136642456 0.15550017356872559 0.35429683327674866 0.8360933661460876 0.14314088225364685
0.1954801231622696 0.7168596386909485 2.2513193087547734e-08 0.32209140062332153 0.7354527711868286 -0.04326449707150459 0.42646071314811707 0.7569599151611328 -0.0315854512155056 0.5057504773139954 0.7878515124320984 -0.014702081680297852 0.5753148198127747 0.7922828197479248 0.0033642584457993507 0.4422908127307892 0.6472601294517517 0.09278738498687744 0.5066567063331604 0.7189795970916748 0.12924015522003174 0.5485992431640625 0.7674036026000977 0.1331167370080948 0.5778716206550598 0.8017922639846802 0.13268470764160156 0.4034547209739685 0.6599012613296509 0.12731605768203735 0.44842472672462463 0.7454544305801392 0.17114408314228058 0.4527236521244049 0.7908562421798706 0.1590236872434616 0.45354604721069336 0.8126252889633179 0.15033450722694397 0.36591148376464844 0.6825624108314514 0.1533791571855545 0.4065970480442047 0.7518205642700195 0.19150161743164062 0.4098264276981354 0.7807276844978333 0.17085163295269012 0.40525177121162415 0.7910693883895874 0.15369904041290283 0.33821725845336914 0.7148587703704834 0.17289987206459045 0.37105241417884827 0.7650030851364136 0.20202958583831787 0.3755306005477905 0.7869500517845154 0.1938759833574295 0.37236878275871277 0.7995638251304626 0.18663184344768524
0.6127184629440308 0.6895046830177307 5.349680254340683e-09 0.5613142848014832 0.6371532082557678 0.0443970151245594 0.5205846428871155 0.5512701869010925 0.06421394646167755 0.4922356903553009 0.48992085456848145 0.07478684186935425 0.4680631160736084 0.44407692551612854 0.0816257894039154 0.5325050950050354 0.500260591506958 0.03864041715860367 0.4821498990058899 0.4242570996284485 0.04133550077676773 0.4438861012458801 0.3645138144493103 0.039924416691064835 0.4138217568397522 0.3104347586631775 0.03640531003475189 0.5336139798164368 0.4994308650493622 0.01290117111057043 0.4746498167514801 0.41188135743141174 0.011735258623957634 0.43539416790008545 0.347139447927475 0.006235519889742136 0.4043458104133606 0.2907523512840271 -0.0002886862203013152 0.5294390916824341 0.5073838829994202 -0.009241315536201 0.47442907094955444 0.418274462223053 -0.013415011577308178 0.4391392469406128 0.3599903881549835 -0.01904352568089962 0.41203534603118896 0.3149815797805786 -0.02462635189294815 0.5229280591011047 0.5254902243614197 -0.02850533276796341 0.4857565760612488 0.4562346935272217 -0.03519768267869949 0.4635486304759979 0.4078480005264282 -0.040197793394327164 0.44423478841781616 0.37151843309402466 -0.04540436342358589
0.6226521134376526 0.7237513661384583 1.1854621284612676e-08 0.5468122959136963 0.6869125366210938 -0.03529732674360275 0.4979028105735779 0.6013213396072388 -0.03581053018569946 0.4724869728088379 0.5282654166221619 -0.026658181101083755 0.44436606764793396 0.4753657579421997 -0.014562360011041164 0.5407861471176147 0.5076459050178528 0.003261180128902197 0.499625027179718 0.4190198481082916 0.02146174944937229 0.475254088640213 0.3635925054550171 0.0288002397865057 0.45676836371421814 0.316789448261261 0.03456764295697212 0.5512158870697021 0.5174360871315002 0.0385291650891304 0.4954816401004791 0.4539908170700073 0.06783758848905563 0.46342360973358154 0.4253135323524475 0.0793953612446785 0.44004005193710327 0.40702706575393677 0.0853390321135521 0.5516179203987122 0.538164496421814 0.07158904522657394 0.504800021648407 0.4795926809310913 0.10157350450754166 0.4734759032726288 0.4528781771659851 0.10974325239658356 0.4490143060684204 0.43928292393684387 0.11202125996351242 0.5478031635284424 0.5615261197090149 0.09979475289583206 0.5131182670593262 0.5071299076080322 0.1246052086353302 0.4959258735179901 0.4744948446750641 0.1327325403690338 0.48059046268463135 0.4538968503475189 0.13652928173542023
0.6167118549346924 0.725240170955658 5.778820089119563e-09 0.541641116142273 0.6934291124343872 0.027619553729891777 0.5025385618209839 0.6148304343223572 0.04643037170171738 0.48265066742897034 0.5493583083152771 0.05733106657862663 0.46467381715774536 0.4984598755836487 0.06805018335580826 0.5327877402305603 0.5275792479515076 0.0723806619644165 0.5027201175689697 0.43950098752975464 0.09216601401567459 0.48231256008148193 0.38534510135650635 0.09744271636009216 0.46879440546035767 0.33749517798423767 0.10024452209472656 0.5376399755477905 0.5220026969909668 0.06365067511796951 0.4808293879032135 0.46654778718948364 0.08688575029373169 0.45208513736724854 0.4533476233482361 0.09353489428758621 0.4374002516269684 0.44189077615737915 0.09743588417768478 0.5371231436729431 0.5205334424972534 0.05434368550777435 0.4871549904346466 0.4517873227596283 0.07588588446378708 0.45384660363197327 0.42045435309410095 0.0835743397474289 0.4328274130821228 0.3991004526615143 0.08578766137361526 0.5332121849060059 0.5217621922492981 0.04383835569024086 0.5008696913719177 0.4490710198879242 0.06093486770987511 0.48410147428512573 0.40030962228775024 0.06844408065080643 0.4702047109603882 0.36340370774269104 0.07126461714506149
0.6045520901679993 0.7907050251960754 4.508416306947538e-09 0.527755856513977 0.8006254434585571 0.00880440417677164 0.46806600689888 0.7599434852600098 0.017447633668780327 0.4284963309764862 0.715160608291626 0.01970360055565834 0.3979022204875946 0.6708170175552368 0.0230847280472517 0.5152243971824646 0.6088883280754089 0.06085973232984543 0.4680345952510834 0.5759879350662231 0.07253563404083252 0.4349009394645691 0.5763747096061707 0.07722709327936172 0.4205908179283142 0.58757084608078 0.07905318588018417 0.5298832058906555 0.5828368067741394 0.05028050020337105 0.4829466640949249 0.5094815492630005 0.06008576601743698 0.4430510103702545 0.46847274899482727 0.054612044245004654 0.41287297010421753 0.4376039206981659 0.049255046993494034 0.5384450554847717 0.57269686460495 0.03563958406448364 0.49140068888664246 0.4989042282104492 0.044242434203624725 0.45442813634872437 0.4548717141151428 0.04358557611703873 0.4242335259914398 0.4245339632034302 0.04074167087674141 0.5417786836624146 0.5782470107078552 0.018045557662844658 0.4989382326602936 0.5075904130935669 0.019733024761080742 0.46974560618400574 0.4688079357147217 0.020178645849227905 0.4441462755203247 0.4442605972290039 0.01951391063630581
0 0 0 0 0 0 0 0 0 0 0 0 0 0 0 0 0 0 0 0 0 0 0 0 0 0 0 0 0 0 0 0 0 0 0 0 0 0 0 0 0 0 0 0 0 0 0 0 0 0 0 0 0 0 0 0 0 0 0 0 0 0 0
0 0 0 0 0 0 0 0 0 0 0 0 0 0 0 0 0 0 0 0 0 0 0 0 0 0 0 0 0 0 0 0 0 0 0 0 0 0 0 0 0 0 0 0 0 0 0 0 0 0 0 0 0 0 0 0 0 0 0 0 0 0 0
0.5965600609779358 0.7222900390625 6.1892420077924726e-09 0.5343949198722839 0.7675143480300903 -0.04683529958128929 0.4620369076728821 0.7298868894577026 -0.06898230314254761 0.416418194770813 0.6581881046295166 -0.07968571037054062 0.38653242588043213 0.5924778580665588 -0.09256977587938309 0.4538078010082245 0.6410673260688782 -0.08777844160795212 0.3825659453868866 0.5564308166503906 -0.10820797830820084 0.32892781496047974 0.5012345314025879 -0.12037090212106705 0.289233922958374 0.4564191699028015 -0.1307188719511032 0.4794732332229614 0.589880108833313 -0.07149211317300797 0.40948063135147095 0.4980820119380951 -0.09461070597171783 0.3531567454338074 0.43690842390060425 -0.1110195741057396 0.3086778521537781 0.3870962858200073 -0.12568674981594086 0.5064797401428223 0.5539077520370483 -0.05319681763648987 0.43938109278678894 0.471912682056427 -0.07490931451320648 0.38670438528060913 0.4184078574180603 -0.09418494254350662 0.34699249267578125 0.37842607498168945 -0.108880914747715 0.5354417562484741 0.5297878980636597 -0.037411078810691833 0.4819546937942505 0.4675297737121582 -0.05889866128563881 0.4456543028354645 0.4301601052284241 -0.075515516102314 0.41604578495025635 0.40099063515663147 -0.08897383511066437
0 0 0 0 0 0 0 0 0 0 0 0 0 0 0 0 0 0 0 0 0 0 0 0 0 0 0 0 0 0 0 0 0 0 0 0 0 0 0 0 0 0 0 0 0 0 0 0 0 0 0 0 0 0 0 0 0 0 0 0 0 0 0
0.22593732178211212 0.7041240930557251 9.340140216806958e-09 0.2940717935562134 0.6965607404708862 0.06559892743825912 0.369315505027771 0.7125204205513 0.09271197766065598 0.4208715260028839 0.7550533413887024 0.1041904017329216 0.4594011604785919 0.7891250848770142 0.1146257221698761 0.42342808842658997 0.6474918723106384 0.0819597989320755 0.4888812303543091 0.746554970741272 0.10340913385152817 0.5074330568313599 0.7945641875267029 0.1106087937951088 0.5192764401435852 0.8131176233291626 0.11149764060974121 0.41979798674583435 0.6685624122619629 0.04532458633184433 0.47298988699913025 0.7845210433006287 0.06518875807523727 0.46675077080726624 0.833460807800293 0.0639733299612999 0.45790520310401917 0.8493289947509766 0.05954539403319359 0.4168810546398163 0.7090612649917603 0.01388949528336525 0.47197452187538147 0.8031336069107056 0.03909425064921379 0.46184948086738586 0.849216103553772 0.04702085629105568 0.4506034851074219 0.8629243969917297 0.045886341482400894 0.4138462543487549 0.7648985385894775 -0.01518891379237175 0.4885867238044739 0.8062881231307983 -0.000638118595816195 0.5256257653236389 0.820625901222229 0.0032404877711087465 0.5530951023101807 0.8216105103492737 0.0021379522513598204
0.23514610528945923 0.7051036357879639 -1.7321683642990138e-08 0.2973296046257019 0.7533926963806152 0.09972493350505829 0.3598608672618866 0.7878105640411377 0.13814841210842133 0.40880346298217773 0.8408920764923096 0.15540488064289093 0.4371373653411865 0.8658936619758606 0.17387543618679047 0.43160128593444824 0.6692611575126648 0.10347277671098709 0.4704640209674835 0.7788410186767578 0.1364370882511139 0.45606517791748047 0.815485417842865 0.15377509593963623 0.4527743458747864 0.8224469423294067 0.15868650376796722 0.43137893080711365 0.6825363039970398 0.051005445420742035 0.448320209980011 0.8260077834129333 0.08928883075714111 0.40387263894081116 0.833480954170227 0.10492078214883804 0.3873399794101715 0.8080660104751587 0.10617318749427795 0.42712217569351196 0.7116003632545471 0.005293314345180988 0.449737012386322 0.8327348232269287 0.0419161282479763 0.4029109477996826 0.8387942314147949 0.05945535749197006 0.37723007798194885 0.8130990862846375 0.06229764223098755 0.4185216724872589 0.7520100474357605 -0.03506947681307793 0.49723494052886963 0.7980878949165344 -0.021937070414423943 0.5490503311157227 0.8248832821846008 -0.019247807562351227 0.5971083641052246 0.83759605884552 -0.021724659949541092
0.2484154999256134 0.7071919441223145 -7.358651465949606e-09 0.3015977144241333 0.757702648639679 0.048123691231012344 0.3691302537918091 0.7966179847717285 0.061965275555849075 0.42017707228660583 0.8394535183906555 0.065269336104393 0.45503348112106323 0.8485451340675354 0.06766217201948166 0.4385099411010742 0.6986120939254761 0.028209835290908813 0.499242901802063 0.7949113845825195 0.03187108039855957 0.5383939743041992 0.8419896364212036 0.029496461153030396 0.5698738098144531 0.8715282082557678 0.0253001619130373 0.4405887722969055 0.6850739121437073 -0.0016771365189924836 0.4573066830635071 0.8004416227340698 0.016537079587578773 0.4396893084049225 0.8131527304649353 0.023782849311828613 0.43317270278930664 0.8033709526062012 0.020687416195869446 0.43282350897789 0.6924488544464111 -0.02766435407102108 0.4453597366809845 0.7971290946006775 -0.004900169558823109 0.40808433294296265 0.8057378530502319 0.010041603818535805 0.38510358333587646 0.7924950122833252 0.011540945619344711 0.41955700516700745 0.7117612361907959 -0.0528629794716835 0.4761904180049896 0.7620522975921631 -0.04884856566786766 0.5088770985603333 0.7845395803451538 -0.04711972549557686 0.537542462348938 0.7970290780067444 -0.048639748245477676
0.6445735096931458 0.7456409335136414 1.3106676632901326e-08 0.6088279485702515 0.6653550267219543 0.018253473564982414 0.5519232153892517 0.5999188423156738 0.0172203928232193 0.4969486594200134 0.5741434693336487 0.014783782884478569 0.45138633251190186 0.5715145468711853 0.014001959934830666 0.5411583185195923 0.544291615486145 -0.016326604411005974 0.4732759892940521 0.4909217655658722 -0.02194201946258545 0.4291229248046875 0.4571021497249603 -0.025094719603657722 0.39732617139816284 0.43444621562957764 -0.029161542654037476 0.5274631381034851 0.5881726741790771 -0.0268868301063776 0.4671352803707123 0.5372682213783264 -0.029865240678191185 0.4246087670326233 0.505706787109375 -0.028719205409288406 0.3886745572090149 0.48143479228019714 -0.03279600292444229 0.5184193253517151 0.6510715484619141 -0.03205893561244011 0.4725649654865265 0.6713324785232544 -0.021974917501211166 0.48288851976394653 0.6977080702781677 -0.0064506554044783115 0.49690037965774536 0.7149984240531921 0.0006061579333618283 0.5140842795372009 0.7234866619110107 -0.038151297718286514 0.4908798336982727 0.7464523911476135 -0.02449365332722664 0.5069248080253601 0.7657544016838074 -0.010828870348632336 0.5229192972183228 0.7795463800430298 -0.0023774467408657074
0.6349681615829468 0.7605811357498169 9.121841948456222e-09 0.5884324312210083 0.6823651790618896 0.022592198103666306 0.5286540985107422 0.6166589260101318 0.019099321216344833 0.4734156131744385 0.5881271958351135 0.008444560691714287 0.42869940400123596 0.5835558176040649 -0.0009928197832778096 0.531067430973053 0.5526138544082642 0.0010329348733648658 0.47190946340560913 0.49563509225845337 -0.013015365228056908 0.43325328826904297 0.4553837776184082 -0.02634017914533615 0.40347760915756226 0.4252908229827881 -0.03763577714562416 0.5275766253471375 0.5855799317359924 -0.021911688148975372 0.45862841606140137 0.5612738132476807 -0.03742329031229019 0.4193503260612488 0.5544812083244324 -0.04845030605792999 0.39001378417015076 0.5502215623855591 -0.05897558107972145 0.5246918797492981 0.6385166049003601 -0.04133077710866928 0.4584852457046509 0.6904745697975159 -0.04961361736059189 0.4722648561000824 0.7344855070114136 -0.042403947561979294 0.49217113852500916 0.7585111260414124 -0.037769343703985214 0.5221580862998962 0.7013297080993652 -0.06153245270252228 0.47869160771369934 0.7442885041236877 -0.06130719557404518 0.49176904559135437 0.777003288269043 -0.05141118913888931 0.5085548758506775 0.795913815498352 -0.04447747394442558
0.5982959270477295 0.8049994707107544 -8.698330056233772e-09 0.5089491009712219 0.8072605133056641 0.022203488275408745 0.45048990845680237 0.7582468390464783 0.024986078962683678 0.4112950265407562 0.7211036682128906 0.018314486369490623 0.377985417842865 0.6815959215164185 0.012158568948507309 0.4833116829395294 0.6165880560874939 0.03624191880226135 0.43014639616012573 0.5986218452453613 0.032691311091184616 0.40961021184921265 0.6275314092636108 0.03291451558470726 0.40190011262893677 0.6570615172386169 0.03153315186500549 0.4965374171733856 0.6020625829696655 0.010335833765566349 0.44100791215896606 0.5264242887496948 -0.0002441637625452131 0.40304499864578247 0.48423922061920166 -0.013208023272454739 0.3754066824913025 0.45384103059768677 -0.024068839848041534 0.5096384286880493 0.6049801111221313 -0.016790971159934998 0.45725807547569275 0.5234693288803101 -0.027056757360696793 0.4206576645374298 0.4762810170650482 -0.03489859774708748 0.39090850949287415 0.44066572189331055 -0.04189521446824074 0.5170966982841492 0.6248069405555725 -0.04421530291438103 0.476080983877182 0.5574646592140198 -0.0551719143986702 0.4486265182495117 0.5122478008270264 -0.060643333941698074 0.42471563816070557 0.476778507232666 -0.06627152860164642
0.613471508026123 0.7976513504981995 8.189232403310598e-09 0.5866484045982361 0.6889591813087463 -0.02609081380069256 0.5150169730186462 0.6204621195793152 -0.06954433023929596 0.448086142539978 0.6078048944473267 -0.1050017923116684 0.39163821935653687 0.6128852963447571 -0.1415703296661377 0.5131754875183105 0.5983474850654602 -0.15409350395202637 0.43799346685409546 0.5480020642280579 -0.21406635642051697 0.3884204924106598 0.5136642456054688 -0.2489389032125473 0.3450658917427063 0.4812624454498291 -0.2705346345901489 0.5055181980133057 0.6750986576080322 -0.1563471555709839 0.38955628871917725 0.683862566947937 -0.2226458638906479 0.32648104429244995 0.6733860373497009 -0.2433820366859436 0.27695173025131226 0.6595197916030884 -0.25848737359046936 0.4990282654762268 0.7537299990653992 -0.14983822405338287 0.38857486844062805 0.7940701842308044 -0.1922564059495926 0.3376908600330353 0.7897831201553345 -0.19074498116970062 0.2977607846260071 0.7839383482933044 -0.1909860372543335 0.49370670318603516 0.8237634301185608 -0.14471441507339478 0.4272385835647583 0.8443541526794434 -0.16513444483280182 0.4064907729625702 0.8416693210601807 -0.1617792248725891 0.38867026567459106 0.8372891545295715 -0.16269750893115997
0 0 0 0 0 0 0 0 0 0 0 0 0 0 0 0 0 0 0 0 0 0 0 0 0 0 0 0 0 0 0 0 0 0 0 0 0 0 0 0 0 0 0 0 0 0 0 0 0 0 0 0 0 0 0 0 0 0 0 0 0 0 0
0.5821056962013245 0.7814895510673523 7.969441995214765e-09 0.5141209959983826 0.8114997744560242 -0.02257845737040043 0.44251298904418945 0.771969735622406 -0.02529086172580719 0.39848792552948 0.7021477818489075 -0.02381211705505848 0.3809913098812103 0.6431469917297363 -0.02276165783405304 0.4533313512802124 0.6697622537612915 -0.012918753549456596 0.40352755784988403 0.5964457392692566 -0.007510228082537651 0.364289790391922 0.5525177717208862 -0.004456303082406521 0.3356923758983612 0.5166075825691223 -0.003677039872854948 0.48571813106536865 0.6296773552894592 -0.001477907644584775 0.43495386838912964 0.5615610480308533 0.008155790157616138 0.39780712127685547 0.5345319509506226 0.011931490153074265 0.3723127841949463 0.514414370059967 0.012543275952339172 0.5170708298683167 0.6032183766365051 0.0093864556401968 0.46808168292045593 0.5589311122894287 0.017034132033586502 0.4451330304145813 0.5560791492462158 0.023184381425380707 0.43410828709602356 0.5574222207069397 0.026856284588575363 0.5470901727676392 0.5877647399902344 0.016738375648856163 0.5027301907539368 0.5547947883605957 0.020826121792197227 0.4883781373500824 0.5590177774429321 0.025952449068427086 0.4839527904987335 0.5659745931625366 0.030426504090428352
0 0 0 0 0 0 0 0 0 0 0 0 0 0 0 0 0 0 0 0 0 0 0 0 0 0 0 0 0 0 0 0 0 0 0 0 0 0 0 0 0 0 0 0 0 0 0 0 0 0 0 0 0 0 0 0 0 0 0 0 0 0 0
0.23096153140068054 0.697899341583252 1.4689833349734727e-08 0.2946116328239441 0.7360951900482178 -0.031624890863895416 0.38052433729171753 0.7950477600097656 -0.04575011506676674 0.4503771662712097 0.8555917739868164 -0.053962018340826035 0.5066583752632141 0.8854763507843018 -0.062303170561790466 0.42796269059181213 0.6988623738288879 -0.029862450435757637 0.47361433506011963 0.8137388229370117 -0.04115330055356026 0.5018790364265442 0.8697802424430847 -0.05268732085824013 0.5272215604782104 0.9040822386741638 -0.0610821470618248 0.4152209460735321 0.6982959508895874 -0.017876343801617622 0.44182369112968445 0.8409930467605591 -0.02841312065720558 0.4059132933616638 0.8409731388092041 -0.03775382414460182 0.3828059434890747 0.8167294263839722 -0.042092643678188324 0.3969098925590515 0.7123032212257385 -0.006316426210105419 0.4234478771686554 0.8320925831794739 -0.009525621309876442 0.3858661949634552 0.8302072882652283 -0.013955595903098583 0.36387768387794495 0.8097602128982544 -0.01676982082426548 0.37603315711021423 0.7399901151657104 0.0015754862688481808 0.41066452860832214 0.8176984786987305 0.0027857194654643536 0.393383264541626 0.8133583068847656 0.0010743889724835753 0.380235493183136 0.7939689755439758 -0.0003862970625050366
0.6353360414505005 0.7427185773849487 9.75609282249934e-09 0.6004904508590698 0.6557764410972595 0.027706308290362358 0.5390368103981018 0.5922673344612122 0.017984455451369286 0.48455584049224854 0.569854736328125 0.0015370914479717612 0.4463236629962921 0.5668091177940369 -0.019174756482243538 0.5161795616149902 0.5656518936157227 -0.04178844019770622 0.4566745460033417 0.5198478698730469 -0.0709553062915802 0.41385650634765625 0.4886240065097809 -0.09285207092761993 0.3801749348640442 0.46727025508880615 -0.10801195353269577 0.503088116645813 0.6113202571868896 -0.06821896880865097 0.44280222058296204 0.6687225103378296 -0.10002998262643814 0.44599947333335876 0.7155400514602661 -0.10719829052686691 0.46003034710884094 0.7482243776321411 -0.11226286739110947 0.49579814076423645 0.6757677793502808 -0.08722750842571259 0.4540990889072418 0.7680460214614868 -0.10588803142309189 0.4875912070274353 0.8175196051597595 -0.09408169239759445 0.5226078629493713 0.8449500203132629 -0.08780097216367722 0.4943804144859314 0.7451608180999756 -0.10580653697252274 0.47128725051879883 0.8065406680107117 -0.11367353796958923 0.4988847076892853 0.8477767705917358 -0.10277650505304337 0.5220802426338196 0.8746353387832642 -0.09548772871494293
0.6294317245483398 0.7424753904342651 7.310013039329988e-09 0.592786967754364 0.673190712928772 0.0231840368360281 0.5369636416435242 0.6236073970794678 0.015113837085664272 0.48863643407821655 0.616122305393219 -0.0004390488611534238 0.45881402492523193 0.6323134899139404 -0.019390389323234558 0.5122153759002686 0.5738458633422852 -0.023659974336624146 0.456147700548172 0.5384262800216675 -0.04899231716990471 0.4176737368106842 0.5118904113769531 -0.0696140006184578 0.38863229751586914 0.4951791763305664 -0.08349865674972534 0.5041700601577759 0.615337610244751 -0.04845040291547775 0.4428861439228058 0.6586224436759949 -0.0765671357512474 0.44867897033691406 0.7001908421516418 -0.08477712422609329 0.4657662510871887 0.7296656370162964 -0.08909303694963455 0.49886950850486755 0.6749387979507446 -0.06842906773090363 0.4528781771659851 0.7539011836051941 -0.08597497642040253 0.48258039355278015 0.8034314513206482 -0.07587413489818573 0.5157516002655029 0.8301835656166077 -0.06885507702827454 0.4963645339012146 0.7433003783226013 -0.0891726166009903 0.4669702649116516 0.7947317361831665 -0.09539280831813812 0.4919176399707794 0.8334616422653198 -0.08466551452875137 0.5157145857810974 0.8585003614425659 -0.07683087140321732
