0 0 0 0 0 0 0 0 0 0 0 0 0 0 0 0 0 0 0 0 0 0 0 0 0 0 0 0 0 0 0 0 0 0 0 0 0 0 0 0 0 0 0 0 0 0 0 0 0 0 0 0 0 0 0 0 0 0 0 0 0 0 0
0 0 0 0 0 0 0 0 0 0 0 0 0 0 0 0 0 0 0 0 0 0 0 0 0 0 0 0 0 0 0 0 0 0 0 0 0 0 0 0 0 0 0 0 0 0 0 0 0 0 0 0 0 0 0 0 0 0 0 0 0 0 0
0.6197625994682312 0.7582244277000427 6.8977361600275344e-09 0.5051470398902893 0.7975311279296875 -0.010781263001263142 0.4054569900035858 0.7931191325187683 -0.0026342866476625204 0.3306863307952881 0.7894791960716248 0.006824414245784283 0.2697616517543793 0.7889859676361084 0.018083954229950905 0.41777631640434265 0.644065260887146 0.06381062418222427 0.3557403087615967 0.6785804629325867 0.10709016025066376 0.32432812452316284 0.714114785194397 0.12733368575572968 0.302135705947876 0.7410060167312622 0.13932809233665466 0.4560713469982147 0.6108932495117188 0.08369448035955429 0.3862040638923645 0.6687270402908325 0.14218728244304657 0.3628290593624115 0.716841459274292 0.16189347207546234 0.3475910425186157 0.7515393495559692 0.17141811549663544 0.48501554131507874 0.6010257005691528 0.10141618549823761 0.4182889461517334 0.6542372703552246 0.16292273998260498 0.4005663990974426 0.6964390873908997 0.1812165528535843 0.39649033546447754 0.7283766865730286 0.184674471616745 0.5081022381782532 0.60328209400177 0.11475328356027603 0.4496040344238281 0.6397184729576111 0.1664227694272995 0.43856558203697205 0.6754275560379028 0.18844909965991974 0.43968215584754944 0.701524019241333 0.19991044700145721
0.637141227722168 0.7670096755027771 9.263270150938752e-09 0.5376007556915283 0.7593531012535095 -0.05088678002357483 0.4330318570137024 0.7546589970588684 -0.05145450308918953 0.35421162843704224 0.7697195410728455 -0.044546566903591156 0.2817472815513611 0.7775450944900513 -0.03518584370613098 0.4311983585357666 0.6694291234016418 0.05621827393770218 0.35290566086769104 0.7352200150489807 0.08464156836271286 0.3037564158439636 0.7661103010177612 0.09094644337892532 0.2621440887451172 0.7883767485618591 0.09511933475732803 0.46093857288360596 0.6758838891983032 0.0971742570400238 0.3766172230243683 0.7458765506744385 0.136839359998703 0.32437825202941895 0.7814324498176575 0.14121483266353607 0.282509446144104 0.8074212074279785 0.14349031448364258 0.48383933305740356 0.68999183177948 0.12959708273410797 0.4085819125175476 0.7482160329818726 0.16495227813720703 0.3608012795448303 0.7812373042106628 0.16809795796871185 0.32425710558891296 0.8069906830787659 0.1677563637495041 0.505404531955719 0.7103917002677917 0.15459606051445007 0.4516424238681793 0.7502177357673645 0.18360759317874908 0.422635555267334 0.770104706287384 0.1929868757724762 0.4014989137649536 0.7842229008674622 0.1991327702999115
0 0 0 0 0 0 0 0 0 0 0 0 0 0 0 0 0 0 0 0 0 0 0 0 0 0 0 0 0 0 0 0 0 0 0 0 0 0 0 0 0 0 0 0 0 0 0 0 0 0 0 0 0 0 0 0 0 0 0 0 0 0 0
0 0 0 0 0 0 0 0 0 0 0 0 0 0 0 0 0 0 0 0 0 0 0 0 0 0 0 0 0 0 0 0 0 0 0 0 0 0 0 0 0 0 0 0 0 0 0 0 0 0 0 0 0 0 0 0 0 0 0 0 0 0 0
0.5959457159042358 0.7445867657661438 1.3722068814558952e-08 0.5753585696220398 0.6394715905189514 0.05558646842837334 0.5197222232818604 0.570857048034668 0.07454223185777664 0.4651237726211548 0.535537838935852 0.08654114603996277 0.41648370027542114 0.5277366638183594 0.09808441251516342 0.4691962003707886 0.5928327441215515 0.020585542544722557 0.396827757358551 0.5594350099563599 0.033906493335962296 0.34845924377441406 0.5404484272003174 0.05138500779867172 0.3152831196784973 0.5371543169021606 0.06323541700839996 0.4480230212211609 0.6441407203674316 -0.0037516984157264233 0.3676241934299469 0.6213685274124146 0.005163704045116901 0.32010459899902344 0.6148390769958496 0.0255137849599123 0.2854198217391968 0.6191589832305908 0.04060922563076019 0.43097543716430664 0.7040748000144958 -0.020660758018493652 0.34363868832588196 0.693438708782196 -0.010643807239830494 0.2871220111846924 0.6850487589836121 0.007483575493097305 0.24611622095108032 0.6880048513412476 0.018754079937934875 0.4202185273170471 0.7690460085868835 -0.03276121988892555 0.34509795904159546 0.7755751013755798 -0.023778794333338737 0.28888124227523804 0.7838916778564453 -0.011987682431936264 0.2435705065727234 0.7955024838447571 -0.0040320721454918385
0 0 0 0 0 0 0 0 0 0 0 0 0 0 0 0 0 0 0 0 0 0 0 0 0 0 0 0 0 0 0 0 0 0 0 0 0 0 0 0 0 0 0 0 0 0 0 0 0 0 0 0 0 0 0 0 0 0 0 0 0 0 0
0 0 0 0 0 0 0 0 0 0 0 0 0 0 0 0 0 0 0 0 0 0 0 0 0 0 0 0 0 0 0 0 0 0 0 0 0 0 0 0 0 0 0 0 0 0 0 0 0 0 0 0 0 0 0 0 0 0 0 0 0 0 0
0 0 0 0 0 0 0 0 0 0 0 0 0 0 0 0 0 0 0 0 0 0 0 0 0 0 0 0 0 0 0 0 0 0 0 0 0 0 0 0 0 0 0 0 0 0 0 0 0 0 0 0 0 0 0 0 0 0 0 0 0 0 0
0 0 0 0 0 0 0 0 0 0 0 0 0 0 0 0 0 0 0 0 0 0 0 0 0 0 0 0 0 0 0 0 0 0 0 0 0 0 0 0 0 0 0 0 0 0 0 0 0 0 0 0 0 0 0 0 0 0 0 0 0 0 0
0.6109885573387146 0.7788752913475037 2.0385084731344705e-09 0.510480523109436 0.7959379553794861 -0.00755166495218873 0.4189679026603699 0.7679017186164856 -0.01358889788389206 0.336143434047699 0.7596226334571838 -0.014655862003564835 0.27930307388305664 0.7741237878799438 -0.013424020260572433 0.4477543830871582 0.5889531373977661 -0.019848881289362907 0.39959847927093506 0.5342826247215271 0.011550630442798138 0.3922061324119568 0.5427490472793579 0.03862214833498001 0.3947651982307434 0.558691680431366 0.05443627014756203 0.5029606819152832 0.5489222407341003 -0.006476574577391148 0.45108935236930847 0.541506826877594 0.04264627397060394 0.45440664887428284 0.5865762829780579 0.07713637501001358 0.47251230478286743 0.6244542598724365 0.09370830655097961 0.5559671521186829 0.5401461124420166 0.011269750073552132 0.5046115517616272 0.5442332029342651 0.06157582253217697 0.5072522163391113 0.5782674551010132 0.08253826200962067 0.5219889879226685 0.6097167134284973 0.08690664917230606 0.6000463366508484 0.5440570712089539 0.027326175943017006 0.556583821773529 0.5517246723175049 0.06818962097167969 0.5533286929130554 0.5841094851493835 0.08507438004016876 0.5626226663589478 0.609834611415863 0.0919659286737442
0.618360161781311 0.8091251254081726 -3.9004963703348494e-09 0.507658839225769 0.8110126852989197 -0.030017588287591934 0.40750330686569214 0.7864140272140503 -0.036552127450704575 0.318517804145813 0.7760598659515381 -0.03130902722477913 0.25112447142601013 0.7763737440109253 -0.02012232132256031 0.4586338996887207 0.5833845734596252 -0.010817887261509895 0.40481990575790405 0.5773785710334778 0.025118116289377213 0.3959317207336426 0.6219918727874756 0.05007978528738022 0.40136969089508057 0.6620792746543884 0.0656064823269844 0.5051586627960205 0.5710163712501526 0.023310380056500435 0.4332249164581299 0.603876531124115 0.07459257543087006 0.42162713408470154 0.6659959554672241 0.09930066764354706 0.4297938346862793 0.7079574465751648 0.11026590317487717 0.5417879819869995 0.5813462734222412 0.059764690697193146 0.4770779013633728 0.5983812212944031 0.11445043981075287 0.4617595970630646 0.6439082026481628 0.12821413576602936 0.4666852355003357 0.6821011304855347 0.12854504585266113 0.56986403465271 0.5995379090309143 0.09336814284324646 0.5205419659614563 0.5915799736976624 0.139211967587471 0.5055251121520996 0.6124545335769653 0.15525463223457336 0.5061980485916138 0.6304658055305481 0.16162125766277313
0.6416577696800232 0.8254662752151489 3.616645205539726e-09 0.5182389616966248 0.8094043135643005 -0.04075094312429428 0.4119719862937927 0.7693402171134949 -0.032685138285160065 0.33084040880203247 0.7422488927841187 -0.014563319273293018 0.26180362701416016 0.7184683680534363 0.008011634461581707 0.4658692181110382 0.5894144773483276 0.062235184013843536 0.3825819492340088 0.6388174891471863 0.10396833717823029 0.35273051261901855 0.6975774168968201 0.11967591941356659 0.34173130989074707 0.7364331483840942 0.12852436304092407 0.5082444548606873 0.6051285266876221 0.10158752650022507 0.4123811721801758 0.6781256198883057 0.15098842978477478 0.38609394431114197 0.7496651411056519 0.15301378071308136 0.37905609607696533 0.7849854230880737 0.15326006710529327 0.5318176746368408 0.6370577812194824 0.13622994720935822 0.44648057222366333 0.7031847238540649 0.18044936656951904 0.4296117126941681 0.7635430097579956 0.1714995801448822 0.43380191922187805 0.7949188351631165 0.16275542974472046 0.545692503452301 0.6742852330207825 0.16656051576137543 0.4840664267539978 0.7241045832633972 0.20267705619335175 0.4702650010585785 0.7632631063461304 0.20655280351638794 0.4730837047100067 0.7822443246841431 0.2085794061422348
0.2388550341129303 0.5843254923820496 8.547474728004545e-09 0.2934147119522095 0.49375611543655396 0.04510851204395294 0.36721712350845337 0.44972819089889526 0.04145156964659691 0.43278253078460693 0.45267221331596375 0.027772344648838043 0.4753186106681824 0.47546374797821045 0.015819542109966278 0.37899044156074524 0.38768959045410156 -0.01708618924021721 0.4709187150001526 0.44030243158340454 -0.028148161247372627 0.4925287365913391 0.4947509169578552 -0.024140046909451485 0.49305516481399536 0.5278484225273132 -0.021566912531852722 0.37207910418510437 0.4343412518501282 -0.05272252485156059 0.469436377286911 0.5075843334197998 -0.06605365127325058 0.4738404154777527 0.5522037744522095 -0.056788574904203415 0.46496495604515076 0.570267379283905 -0.050528768450021744 0.3663792014122009 0.49688276648521423 -0.08100733906030655 0.4563314616680145 0.5655466914176941 -0.07937461882829666 0.45513755083084106 0.5984187722206116 -0.05389222875237465 0.44196370244026184 0.6088666319847107 -0.0398402139544487 0.3623633086681366 0.5665333867073059 -0.10699668526649475 0.43601933121681213 0.6128470301628113 -0.0968351736664772 0.4434230923652649 0.6321803331375122 -0.0765039399266243 0.44264888763427734 0.6400504112243652 -0.06464110314846039
0 0 0 0 0 0 0 0 0 0 0 0 0 0 0 0 0 0 0 0 0 0 0 0 0 0 0 0 0 0 0 0 0 0 0 0 0 0 0 0 0 0 0 0 0 0 0 0 0 0 0 0 0 0 0 0 0 0 0 0 0 0 0
0 0 0 0 0 0 0 0 0 0 0 0 0 0 0 0 0 0 0 0 0 0 0 0 0 0 0 0 0 0 0 0 0 0 0 0 0 0 0 0 0 0 0 0 0 0 0 0 0 0 0 0 0 0 0 0 0 0 0 0 0 0 0
0.6088772416114807 0.7710344791412354 -3.7348468762132825e-10 0.5968050360679626 0.6765848994255066 0.06395754963159561 0.5564747452735901 0.6166695952415466 0.08589284121990204 0.523930549621582 0.5799672603607178 0.0993451476097107 0.4942207932472229 0.5682942271232605 0.11257808655500412 0.4935603439807892 0.6241112947463989 0.030979350209236145 0.45557940006256104 0.6079778075218201 0.059376779943704605 0.4546143412590027 0.6111019849777222 0.08445499837398529 0.45954570174217224 0.6222714185714722 0.09868888556957245 0.4751809537410736 0.6674238443374634 0.006737877614796162 0.43978679180145264 0.6788358092308044 0.0409795306622982 0.4513076841831207 0.6964325308799744 0.06702736765146255 0.4671907126903534 0.7117708921432495 0.07931262254714966 0.4606819748878479 0.7187433838844299 -0.008300531655550003 0.41314995288848877 0.7278333306312561 0.02493549883365631 0.41490572690963745 0.7407783269882202 0.04573824629187584 0.42415955662727356 0.754479169845581 0.051485322415828705 0.45110023021698 0.7705060839653015 -0.017608122900128365 0.37893199920654297 0.7684948444366455 -0.002690498949959874 0.33255213499069214 0.7761783003807068 0.007285663392394781 0.3002997636795044 0.7871212363243103 0.011352197267115116
0 0 0 0 0 0 0 0 0 0 0 0 0 0 0 0 0 0 0 0 0 0 0 0 0 0 0 0 0 0 0 0 0 0 0 0 0 0 0 0 0 0 0 0 0 0 0 0 0 0 0 0 0 0 0 0 0 0 0 0 0 0 0
0.6491982936859131 0.7844688892364502 -2.338164328818948e-09 0.5475989580154419 0.7865378856658936 -0.010480948723852634 0.4672074317932129 0.7314183115959167 -0.01762906089425087 0.418498158454895 0.6788277626037598 -0.018777480348944664 0.3945271968841553 0.6614301800727844 -0.017658855766057968 0.5107191205024719 0.5670586228370667 -0.04886147379875183 0.45776230096817017 0.5446522831916809 -0.026566006243228912 0.4625358581542969 0.6050641536712646 0.0010787491919472814 0.4787348806858063 0.6509793400764465 0.016182703897356987 0.5685917735099792 0.5329844951629639 -0.04193046689033508 0.5169035792350769 0.5369958281517029 -0.014933287166059017 0.5198288559913635 0.5962284207344055 0.011957673355937004 0.5418350696563721 0.6377351880073547 0.023370562121272087 0.6229045987129211 0.5303656458854675 -0.028422586619853973 0.5761613845825195 0.5456697940826416 0.003320568474009633 0.5771378874778748 0.5902952551841736 0.021693451330065727 0.5923756957054138 0.6207258105278015 0.02432958595454693 0.6691532135009766 0.5430570244789124 -0.015892067924141884 0.6300724744796753 0.5603725910186768 0.011366601102054119 0.6300445795059204 0.5960246920585632 0.025562677532434464 0.6422702670097351 0.6182505488395691 0.03004365600645542
0.6665661334991455 0.8021676540374756 -4.969623379480481e-09 0.5513218641281128 0.8069773316383362 0.004155427683144808 0.4692615866661072 0.7601090669631958 0.010597309097647667 0.41577303409576416 0.7071570158004761 0.019629905000329018 0.3860764503479004 0.6905078887939453 0.032229986041784286 0.507969856262207 0.5667709112167358 0.003780829720199108 0.46954596042633057 0.5576704740524292 0.04050512611865997 0.4832848310470581 0.6165770888328552 0.06897739320993423 0.5044991970062256 0.6554465293884277 0.08253269642591476 0.5656765699386597 0.5301100015640259 0.006956799887120724 0.5244454145431519 0.5399612188339233 0.04078568145632744 0.532744288444519 0.598342776298523 0.05796953663229942 0.5517052412033081 0.6366652846336365 0.06389091163873672 0.6202579736709595 0.5217286944389343 0.016409747302532196 0.5798391699790955 0.5381524562835693 0.05344514176249504 0.5848349332809448 0.5872178077697754 0.06388384848833084 0.5979865193367004 0.6191973090171814 0.06229105219244957 0.6682900190353394 0.5295788049697876 0.025898320600390434 0.6300489902496338 0.538985013961792 0.05897194519639015 0.6317093968391418 0.5799250602722168 0.07059326767921448 0.6421620845794678 0.6064355969429016 0.07321736216545105
0.6649953126907349 0.8104318976402283 -6.251868800433158e-09 0.548317551612854 0.8177584409713745 0.002755185589194298 0.46337395906448364 0.7730568647384644 0.00959343183785677 0.4070526361465454 0.7224954962730408 0.020148221403360367 0.3809387683868408 0.70738685131073 0.03485770523548126 0.5030065178871155 0.5729633569717407 0.0006417817203328013 0.46067172288894653 0.5736362338066101 0.04074471443891525 0.47328293323516846 0.6326248049736023 0.07236742973327637 0.49391382932662964 0.6702179908752441 0.08817864209413528 0.5598211288452148 0.5371209383010864 0.006909008603543043 0.5147224068641663 0.5521806478500366 0.045467402786016464 0.5213497281074524 0.6082503199577332 0.0673622414469719 0.5397757291793823 0.6460081934928894 0.07615691423416138 0.6144851446151733 0.5313398241996765 0.019770372658967972 0.5710690021514893 0.5516098737716675 0.061235211789608 0.5751056671142578 0.5978215336799622 0.07493812590837479 0.5886934995651245 0.6297515630722046 0.07533310353755951 0.6632251143455505 0.5422168970108032 0.03271956369280815 0.6244919300079346 0.5538184642791748 0.069448322057724 0.6234691143035889 0.5915730595588684 0.08321796357631683 0.632030189037323 0.6172102689743042 0.08731885999441147
0.6615023016929626 0.8179225921630859 -6.4938605603970245e-09 0.554414689540863 0.8300530910491943 -0.013660747557878494 0.45950642228126526 0.8023175001144409 -0.015726745128631592 0.37257885932922363 0.7946116924285889 -0.010908283293247223 0.30962881445884705 0.8102256059646606 -0.00042257067980244756 0.4889884293079376 0.595975935459137 -0.0006258030771277845 0.4541040062904358 0.6134865283966064 0.04333345592021942 0.46725863218307495 0.6625926494598389 0.07518599927425385 0.4819994568824768 0.6888685822486877 0.09146230667829514 0.5459209084510803 0.5682681798934937 0.01818893663585186 0.5092098116874695 0.5846408605575562 0.0660281553864479 0.5127827525138855 0.6295179724693298 0.09267893433570862 0.5213215947151184 0.6588515639305115 0.10413938760757446 0.601822555065155 0.5700600743293762 0.04127625375986099 0.562283992767334 0.5794974565505981 0.08968637883663177 0.5648801922798157 0.6139140725135803 0.10551393777132034 0.573844850063324 0.6402920484542847 0.10788782685995102 0.649771511554718 0.5842706561088562 0.06265421211719513 0.6173535585403442 0.593667209148407 0.10666508972644806 0.61620032787323 0.6253436803817749 0.12272318452596664 0.621101438999176 0.6454370617866516 0.12845490872859955
0.6543040871620178 0.8376553058624268 1.0132436001342171e-09 0.5399990677833557 0.8356807231903076 -0.035796232521533966 0.4317491948604584 0.8094335794448853 -0.036593563854694366 0.3432634174823761 0.7961822748184204 -0.02800377644598484 0.27811399102211 0.7858373522758484 -0.013671934604644775 0.47449633479118347 0.6132210493087769 0.028520071879029274 0.39426296949386597 0.6346057653427124 0.06828772276639938 0.3661061227321625 0.6839042901992798 0.08939973264932632 0.3554435670375824 0.7253331542015076 0.1029466837644577 0.5165877938270569 0.6041412949562073 0.0665312111377716 0.43248751759529114 0.6307356357574463 0.11815621703863144 0.39803600311279297 0.679354727268219 0.1336381882429123 0.37782227993011475 0.7172543406486511 0.1411069631576538 0.5449775457382202 0.612085223197937 0.10257777571678162 0.46895831823349 0.630739152431488 0.1570286601781845 0.4425663650035858 0.6773200631141663 0.16652019321918488 0.4302164614200592 0.7168902158737183 0.1669965386390686 0.5651242136955261 0.6289836168289185 0.1339772641658783 0.5044809579849243 0.6359646320343018 0.18254603445529938 0.48343372344970703 0.6701484322547913 0.19881461560726166 0.47307729721069336 0.7001419067382812 0.20705237984657288
0.6543275117874146 0.839079737663269 7.812890778780002e-09 0.5384430885314941 0.8217160701751709 -0.049153126776218414 0.4295831024646759 0.7926818132400513 -0.048658207058906555 0.35371869802474976 0.7792085409164429 -0.042322345077991486 0.2697479724884033 0.7516347169876099 -0.03313666582107544 0.4662940502166748 0.6282104849815369 0.08361218869686127 0.41413190960884094 0.5782942771911621 0.12920191884040833 0.3783935606479645 0.545317530632019 0.14387133717536926 0.3507680296897888 0.528144359588623 0.15172740817070007 0.5011166334152222 0.6609747409820557 0.1245393380522728 0.4235354959964752 0.6911689639091492 0.1820974498987198 0.37925779819488525 0.7230570316314697 0.19496193528175354 0.35352465510368347 0.7457212209701538 0.20515266060829163 0.523300290107727 0.7031816840171814 0.15712466835975647 0.4586767852306366 0.740934431552887 0.20799441635608673 0.4311405122280121 0.7665653228759766 0.21445047855377197 0.41529372334480286 0.7877059578895569 0.2182094156742096 0.5398217439651489 0.7484110593795776 0.18163011968135834 0.4908463954925537 0.7769330739974976 0.22232340276241302 0.47115716338157654 0.7915313839912415 0.23668916523456573 0.46024852991104126 0.8008606433868408 0.2489335983991623
0 0 0 0 0 0 0 0 0 0 0 0 0 0 0 0 0 0 0 0 0 0 0 0 0 0 0 0 0 0 0 0 0 0 0 0 0 0 0 0 0 0 0 0 0 0 0 0 0 0 0 0 0 0 0 0 0 0 0 0 0 0 0
0.6217249631881714 0.8214776515960693 8.681996455095486e-09 0.5830892324447632 0.7289414405822754 0.03140886500477791 0.5243467092514038 0.6891216039657593 0.06914164870977402 0.49279317259788513 0.6779918074607849 0.10254088044166565 0.48150143027305603 0.6807218194007874 0.1354680061340332 0.4458387494087219 0.7923482656478882 0.0912289246916771 0.3784118890762329 0.7910656332969666 0.12843741476535797 0.3282090425491333 0.7809998989105225 0.14666202664375305 0.2896195948123932 0.769167423248291 0.15906743705272675 0.44414982199668884 0.8178925514221191 0.09527910500764847 0.3759714663028717 0.8068948984146118 0.14223997294902802 0.3239748775959015 0.7936506867408752 0.16300375759601593 0.2823851704597473 0.7819550037384033 0.17513634264469147 0.4451310336589813 0.8307055830955505 0.09829229861497879 0.37827834486961365 0.8130450248718262 0.1398381143808365 0.33228135108947754 0.7962643504142761 0.15761002898216248 0.2976994812488556 0.7823726534843445 0.1658879667520523 0.44647952914237976 0.8292993903160095 0.10002217441797256 0.3908863663673401 0.8133103251457214 0.12970563769340515 0.3505115211009979 0.80179363489151 0.1430758684873581 0.31555867195129395 0.7933014035224915 0.1513659507036209
0 0 0 0 0 0 0 0 0 0 0 0 0 0 0 0 0 0 0 0 0 0 0 0 0 0 0 0 0 0 0 0 0 0 0 0 0 0 0 0 0 0 0 0 0 0 0 0 0 0 0 0 0 0 0 0 0 0 0 0 0 0 0
0 0 0 0 0 0 0 0 0 0 0 0 0 0 0 0 0 0 0 0 0 0 0 0 0 0 0 0 0 0 0 0 0 0 0 0 0 0 0 0 0 0 0 0 0 0 0 0 0 0 0 0 0 0 0 0 0 0 0 0 0 0 0
0 0 0 0 0 0 0 0 0 0 0 0 0 0 0 0 0 0 0 0 0 0 0 0 0 0 0 0 0 0 0 0 0 0 0 0 0 0 0 0 0 0 0 0 0 0 0 0 0 0 0 0 0 0 0 0 0 0 0 0 0 0 0
0.6350237131118774 0.7983520030975342 -6.637925764607644e-09 0.5288880467414856 0.7974258065223694 -0.04955587908625603 0.4312949776649475 0.7382380962371826 -0.08132561296224594 0.34990713000297546 0.6971486210823059 -0.09903324395418167 0.2831435799598694 0.6799291372299194 -0.11633829772472382 0.4826068580150604 0.5704360604286194 -0.10024095326662064 0.3794090747833252 0.6107028722763062 -0.11343817412853241 0.321927547454834 0.6692472100257874 -0.11614691466093063 0.2816331386566162 0.710365355014801 -0.11538513749837875 0.5449566841125488 0.5356586575508118 -0.07412924617528915 0.4584137201309204 0.587885856628418 -0.07006902992725372 0.4382484257221222 0.6632526516914368 -0.05527136102318764 0.4378490447998047 0.7116333246231079 -0.04921431466937065 0.6048360466957092 0.5356467366218567 -0.0462581031024456 0.5297999382019043 0.5902127623558044 -0.03660276159644127 0.5155860781669617 0.6419995427131653 -0.024732615798711777 0.5181900262832642 0.6752331256866455 -0.02222607098519802 0.6518182754516602 0.5529442429542542 -0.021693062037229538 0.5946726202964783 0.589051365852356 -0.009907941333949566 0.588770866394043 0.6254571080207825 -0.000607893627602607 0.5980433225631714 0.6462649703025818 0.0029028444550931454
0.6540666222572327 0.805240273475647 -8.123717698538258e-09 0.535076916217804 0.7984530925750732 -0.014920469373464584 0.42807677388191223 0.752738356590271 -0.028049100190401077 0.3347892761230469 0.7341614961624146 -0.036314163357019424 0.2598153054714203 0.7538836002349854 -0.042284924536943436 0.4558444023132324 0.585823118686676 -0.036455873399972916 0.3796756863594055 0.6400760412216187 -0.0360192134976387 0.35423654317855835 0.7036799192428589 -0.03421483933925629 0.33974790573120117 0.751606822013855 -0.03240356966853142 0.5210602879524231 0.5426461100578308 -0.02902417629957199 0.4602919816970825 0.5849460363388062 -0.022060006856918335 0.45499902963638306 0.6417376399040222 -0.017448201775550842 0.4620729684829712 0.6878988146781921 -0.01849929243326187 0.5854395031929016 0.5256133079528809 -0.01806153729557991 0.5249180793762207 0.5674407482147217 -0.001408264972269535 0.5251209735870361 0.617473304271698 0.008763561025261879 0.5348687171936035 0.6551193594932556 0.009357195347547531 0.6349768042564392 0.5246605277061462 -0.009562738239765167 0.5852739214897156 0.557479977607727 0.01607048697769642 0.5880413055419922 0.6027246713638306 0.02977912686765194 0.6008685231208801 0.6331143975257874 0.03419067710638046
0.649616003036499 0.8157132863998413 -8.100152548706774e-09 0.5266227722167969 0.8001013994216919 -0.011236248537898064 0.4198049306869507 0.7545281052589417 -0.029399463906884193 0.3287167549133301 0.7339420318603516 -0.044943712651729584 0.258850634098053 0.7492351531982422 -0.057302847504615784 0.46875864267349243 0.602999210357666 -0.050171978771686554 0.4076681435108185 0.6071692705154419 -0.04854618385434151 0.40493908524513245 0.6696069240570068 -0.03848503157496452 0.41098853945732117 0.7202543020248413 -0.03233204409480095 0.530320942401886 0.556088924407959 -0.05085531994700432 0.4676543176174164 0.560399055480957 -0.04482295736670494 0.4690026044845581 0.612856388092041 -0.03466068580746651 0.4888157248497009 0.6559408903121948 -0.03231033310294151 0.5880892872810364 0.5307258367538452 -0.04682951048016548 0.5269390940666199 0.5416275262832642 -0.028407424688339233 0.5298553705215454 0.5877273678779602 -0.0132063627243042 0.548886239528656 0.6235253214836121 -0.010370593518018723 0.6336445808410645 0.5207304358482361 -0.045179303735494614 0.5866759419441223 0.5301553010940552 -0.01835021562874317 0.5893452763557434 0.5740972757339478 -0.001964816590771079 0.6065863370895386 0.603201687335968 0.004011834505945444
0.6572169065475464 0.8330617547035217 -7.335228424665274e-09 0.530064046382904 0.802661120891571 -0.04153704270720482 0.42233705520629883 0.7414191961288452 -0.06313008069992065 0.32412856817245483 0.7196969985961914 -0.0725463405251503 0.24476385116577148 0.7326747179031372 -0.07760810852050781 0.49142706394195557 0.5720794796943665 -0.06121526286005974 0.3910616934299469 0.5985636115074158 -0.06231828033924103 0.34958556294441223 0.6581116914749146 -0.05898647382855415 0.3279218375682831 0.7052735686302185 -0.05387234315276146 0.5545046925544739 0.5432275533676147 -0.034503061324357986 0.46042096614837646 0.5596712231636047 -0.02324533462524414 0.4405766725540161 0.619314432144165 -0.014834372326731682 0.4463975131511688 0.6626392602920532 -0.011793676763772964 0.6068678498268127 0.5368300676345825 -0.006491177249699831 0.5187518000602722 0.5587190389633179 0.013636291958391666 0.5074453949928284 0.6079451441764832 0.02276856265962124 0.5192793607711792 0.6410584449768066 0.02450147084891796 0.6412673592567444 0.5430127382278442 0.017766905948519707 0.5758781433105469 0.5609689950942993 0.046023670583963394 0.5692136883735657 0.6028129458427429 0.059082064777612686 0.5820428729057312 0.628330409526825 0.0644049420952797
0.6733381152153015 0.8448850512504578 -1.2222757250768268e-09 0.5546823143959045 0.8036816120147705 -0.07810474187135696 0.45291727781295776 0.7368464469909668 -0.09297183901071548 0.36809247732162476 0.6824962496757507 -0.08413532376289368 0.3081992268562317 0.6552972197532654 -0.07097915560007095 0.5008139610290527 0.5381728410720825 -0.053552478551864624 0.36274784803390503 0.5857212543487549 -0.05329059436917305 0.2901473343372345 0.6501384377479553 -0.05981966108083725 0.24026131629943848 0.7027325630187988 -0.06079111993312836 0.5427848696708679 0.5310847759246826 0.003762773936614394 0.3964327871799469 0.5938794612884521 0.012450180947780609 0.3195619285106659 0.6727673411369324 -0.0003229175345040858 0.2749330699443817 0.7379725575447083 -0.011522572487592697 0.564831018447876 0.5526000261306763 0.058349981904029846 0.4292987585067749 0.6241161823272705 0.06626848876476288 0.3630717396736145 0.6905872821807861 0.04098987206816673 0.3330650329589844 0.745931088924408 0.022339753806591034 0.5712254643440247 0.5869463086128235 0.10901543498039246 0.46885332465171814 0.6404879093170166 0.11662746220827103 0.43174609541893005 0.6917232871055603 0.10287796705961227 0.41990017890930176 0.7346278429031372 0.09179293364286423
0.6244750618934631 0.8188035488128662 3.1811646650226066e-09 0.5309797525405884 0.7805894017219543 -0.070999875664711 0.4347010552883148 0.7020254731178284 -0.08192793279886246 0.3599872589111328 0.6406082510948181 -0.08062727004289627 0.2997211813926697 0.5805171728134155 -0.07361480593681335 0.48152726888656616 0.547295868396759 0.01998470537364483 0.39382821321487427 0.5137603878974915 0.046069175004959106 0.34257274866104126 0.5404715538024902 0.057738810777664185 0.3073408007621765 0.5614887475967407 0.0661824569106102 0.5095333456993103 0.5457048416137695 0.07006212323904037 0.41930046677589417 0.5338091850280762 0.11191880702972412 0.3691067695617676 0.5613488554954529 0.11987816542387009 0.3356231451034546 0.5816313028335571 0.12345711886882782 0.5253910422325134 0.5577055215835571 0.11181432753801346 0.4430689811706543 0.556831955909729 0.15153826773166656 0.39955106377601624 0.5869506001472473 0.1549779176712036 0.3739262819290161 0.6161108016967773 0.1538029909133911 0.5344362854957581 0.5749086141586304 0.14523109793663025 0.4684610664844513 0.5774461627006531 0.18045547604560852 0.4349161982536316 0.6036058068275452 0.19056978821754456 0.4161868691444397 0.6301064491271973 0.19651393592357635
0 0 0 0 0 0 0 0 0 0 0 0 0 0 0 0 0 0 0 0 0 0 0 0 0 0 0 0 0 0 0 0 0 0 0 0 0 0 0 0 0 0 0 0 0 0 0 0 0 0 0 0 0 0 0 0 0 0 0 0 0 0 0
0 0 0 0 0 0 0 0 0 0 0 0 0 0 0 0 0 0 0 0 0 0 0 0 0 0 0 0 0 0 0 0 0 0 0 0 0 0 0 0 0 0 0 0 0 0 0 0 0 0 0 0 0 0 0 0 0 0 0 0 0 0 0
0 0 0 0 0 0 0 0 0 0 0 0 0 0 0 0 0 0 0 0 0 0 0 0 0 0 0 0 0 0 0 0 0 0 0 0 0 0 0 0 0 0 0 0 0 0 0 0 0 0 0 0 0 0 0 0 0 0 0 0 0 0 0
0 0 0 0 0 0 0 0 0 0 0 0 0 0 0 0 0 0 0 0 0 0 0 0 0 0 0 0 0 0 0 0 0 0 0 0 0 0 0 0 0 0 0 0 0 0 0 0 0 0 0 0 0 0 0 0 0 0 0 0 0 0 0
0.6201798915863037 0.8297969698905945 6.164966315225229e-09 0.5273038744926453 0.8522168397903442 0.006178485695272684 0.43887534737586975 0.8264836668968201 0.011298787780106068 0.36638593673706055 0.8147929906845093 0.01682964339852333 0.30982840061187744 0.8406107425689697 0.02549883909523487 0.44372379779815674 0.6896566152572632 0.013038788922131062 0.41904962062835693 0.6149898171424866 0.04826506972312927 0.4356907904148102 0.6488813757896423 0.08036868274211884 0.45189252495765686 0.6919910907745361 0.09838232398033142 0.49160343408584595 0.6481873393058777 0.01543650683015585 0.4708747863769531 0.597773551940918 0.057458024471998215 0.4810780882835388 0.6324421763420105 0.08365053683519363 0.49393999576568604 0.6714727878570557 0.09614930301904678 0.5418468713760376 0.6253595352172852 0.021706493571400642 0.5170842409133911 0.5822083353996277 0.06351374834775925 0.5234275460243225 0.607640266418457 0.08164748549461365 0.5317275524139404 0.6405350565910339 0.08673274517059326 0.5865280628204346 0.6118505597114563 0.026911137625575066 0.5598335266113281 0.5792507529258728 0.06320561468601227 0.5648472905158997 0.6059317588806152 0.0805281400680542 0.5740930438041687 0.6363207697868347 0.08889352530241013
0.6278457641601562 0.8164559006690979 -1.1926836407383234e-08 0.5237360000610352 0.8236539363861084 0.013469564728438854 0.43442514538764954 0.7915430665016174 0.020629268139600754 0.3676791787147522 0.7700175642967224 0.02797568589448929 0.32650521397590637 0.7753137946128845 0.036906760185956955 0.4428686201572418 0.6189766526222229 0.002438501687720418 0.410649836063385 0.6327298283576965 0.03877045214176178 0.4343418776988983 0.6767722964286804 0.06694143265485764 0.4551095962524414 0.7015475034713745 0.0802183672785759 0.5001834630966187 0.5695028901100159 -3.0948133371566655e-06 0.4654535949230194 0.601952850818634 0.03485575318336487 0.4840278923511505 0.6492779850959778 0.056744303554296494 0.508324921131134 0.6798540949821472 0.06563292443752289 0.5566064715385437 0.5510255694389343 0.0046808188781142235 0.5247008204460144 0.5873436331748962 0.043697185814380646 0.537060022354126 0.6270249485969543 0.05845187231898308 0.5547820329666138 0.6515401005744934 0.05895641818642616 0.6087522506713867 0.5496845841407776 0.009845361113548279 0.5818759202957153 0.5864768624305725 0.04435432329773903 0.5873599052429199 0.6247009634971619 0.05731486156582832 0.598767876625061 0.6451398730278015 0.060994166880846024
0.6384114623069763 0.8069519400596619 -1.0244509240919797e-08 0.5262410044670105 0.8238117694854736 -0.001897859270684421 0.4303440451622009 0.7904556393623352 -0.0048218644224107265 0.3549315929412842 0.7743175029754639 -0.0056866733357310295 0.30263495445251465 0.7955912351608276 -0.0034787836484611034 0.4340977668762207 0.6051285862922668 -0.014473714865744114 0.40019237995147705 0.6220832467079163 0.00699253985658288 0.42225468158721924 0.6747028827667236 0.02509397827088833 0.4439959228038788 0.707318902015686 0.03291827812790871 0.4906010627746582 0.5517014861106873 -0.014668775722384453 0.45346739888191223 0.5871379971504211 0.0063699884340167046 0.47283753752708435 0.6382153034210205 0.019706320017576218 0.49737414717674255 0.6687608361244202 0.02308950200676918 0.5468484163284302 0.5264551639556885 -0.009771810844540596 0.5102394819259644 0.5670768022537231 0.01737414114177227 0.5241672396659851 0.6116176843643188 0.028722822666168213 0.5400688648223877 0.6386656165122986 0.02840002253651619 0.5959672331809998 0.5203120112419128 -0.006271952763199806 0.5636270642280579 0.5567271113395691 0.02286839857697487 0.5732434391975403 0.6000534296035767 0.03512473404407501 0.5877705216407776 0.6239850521087646 0.038246553391218185
0.6389264464378357 0.7960227727890015 -9.42564071237939e-09 0.5250841975212097 0.8236198425292969 -0.009308398701250553 0.4264447093009949 0.8017256855964661 -0.015699343755841255 0.34443485736846924 0.7969151139259338 -0.01720806583762169 0.28831028938293457 0.8222135901451111 -0.01488081831485033 0.43460264801979065 0.6004131436347961 -0.024323705583810806 0.39489826560020447 0.6258029937744141 0.0017939901445060968 0.41926243901252747 0.6793140172958374 0.02358674257993698 0.44371145963668823 0.7096770405769348 0.03332505002617836 0.489831805229187 0.5458241701126099 -0.017717402428388596 0.44974663853645325 0.5859876871109009 0.009491290897130966 0.4694886803627014 0.6380741596221924 0.026421403512358665 0.4938479959964752 0.6667657494544983 0.031104767695069313 0.5452771782875061 0.5217126607894897 -0.0055048828944563866 0.5068448781967163 0.5652744174003601 0.028475157916545868 0.520047128200531 0.6080104112625122 0.04088753089308739 0.5370206236839294 0.633883535861969 0.03992640972137451 0.593372106552124 0.5171269178390503 0.005142406094819307 0.5617779493331909 0.5526817440986633 0.03934431076049805 0.5702322721481323 0.5930059552192688 0.05218929797410965 0.5842529535293579 0.6147070527076721 0.05484677106142044
0.6350361108779907 0.8120238780975342 -5.257522417423388e-09 0.5262762308120728 0.8365248441696167 -0.00583204161375761 0.4275662302970886 0.8321267366409302 -0.011761446483433247 0.3411445617675781 0.8473188281059265 -0.013503627851605415 0.28398627042770386 0.8799818754196167 -0.010713585652410984 0.4380045533180237 0.6346679925918579 -0.01705189421772957 0.4042016565799713 0.6244436502456665 0.015404158271849155 0.41940072178840637 0.6673296689987183 0.043142784386873245 0.4373254179954529 0.6989765763282776 0.05798850581049919 0.4922643005847931 0.5882416367530823 -0.008050050586462021 0.453630656003952 0.5845537781715393 0.02962389960885048 0.46461665630340576 0.6287727355957031 0.05441354215145111 0.4845511317253113 0.6645302176475525 0.06483171880245209 0.5481739640235901 0.5669739842414856 0.006503524724394083 0.5065767765045166 0.5677124261856079 0.049271516501903534 0.5146022439002991 0.6027867794036865 0.0668184831738472 0.5305204391479492 0.6335081458091736 0.06991226226091385 0.5955567955970764 0.561147928237915 0.019593320786952972 0.5602964758872986 0.5650680065155029 0.06098005548119545 0.5644490122795105 0.5980536937713623 0.07831835746765137 0.5768188238143921 0.6218459606170654 0.08462122827768326
0.5845960974693298 0.8034543395042419 6.285068909761549e-09 0.5026105046272278 0.8549251556396484 -0.012471186928451061 0.4242311418056488 0.8579671382904053 -0.0106365280225873 0.36044710874557495 0.8455486297607422 -0.005113344173878431 0.31078898906707764 0.8386738896369934 0.003287737490609288 0.4341009855270386 0.7146651744842529 0.01818765327334404 0.40136316418647766 0.6581282019615173 0.05393010750412941 0.40816015005111694 0.6765047907829285 0.08176528662443161 0.42076003551483154 0.6995988488197327 0.09740492701530457 0.4650716185569763 0.6735131144523621 0.03241321071982384 0.437943696975708 0.6286835670471191 0.07352416962385178 0.4383011758327484 0.6495561003684998 0.09368495643138885 0.44795671105384827 0.6761502027511597 0.10402330756187439 0.49958905577659607 0.6510500311851501 0.047237761318683624 0.46684888005256653 0.6132398843765259 0.08561636507511139 0.4669337272644043 0.6287375688552856 0.09714040905237198 0.4777325391769409 0.6509412527084351 0.09982119500637054 0.5319375395774841 0.6353947520256042 0.05970150977373123 0.5001450181007385 0.6031505465507507 0.08782339096069336 0.5004038214683533 0.6152803301811218 0.09801386296749115 0.5118592381477356 0.6333386898040771 0.1034797951579094
0.5868591070175171 0.831030011177063 5.717851081499248e-09 0.4841224253177643 0.8533299565315247 -0.05027107521891594 0.3784857988357544 0.852055013179779 -0.05268329754471779 0.2984775900840759 0.8519766926765442 -0.04725131019949913 0.2241799533367157 0.8496412038803101 -0.03783423453569412 0.4018172025680542 0.6781131029129028 0.054083772003650665 0.3583235740661621 0.6340663433074951 0.0925426334142685 0.31944540143013 0.6053214073181152 0.10686248540878296 0.2877630591392517 0.5874054431915283 0.11553651094436646 0.44505971670150757 0.6584327220916748 0.09420621395111084 0.3747803866863251 0.6721205115318298 0.1461389660835266 0.32477617263793945 0.696742832660675 0.16196496784687042 0.2890445590019226 0.7169008851051331 0.17250438034534454 0.47207796573638916 0.6547465324401855 0.12714317440986633 0.40358594059944153 0.6735720634460449 0.17554892599582672 0.3660438060760498 0.7036373019218445 0.1890011429786682 0.34107327461242676 0.732580840587616 0.19586555659770966 0.49031201004981995 0.6578434705734253 0.15172451734542847 0.4387279152870178 0.6747753024101257 0.19435687363147736 0.41613665223121643 0.7072392702102661 0.21300646662712097 0.4016644060611725 0.7383773326873779 0.22655196487903595
0.5821198225021362 0.8125921487808228 5.634710920077168e-09 0.49149078130722046 0.8457277417182922 -0.05435088276863098 0.39290642738342285 0.8511838912963867 -0.061995979398489 0.31989210844039917 0.8534107804298401 -0.06044921278953552 0.24775220453739166 0.8464063405990601 -0.054592788219451904 0.39661213755607605 0.7118003964424133 0.03002585843205452 0.3328371047973633 0.6600204706192017 0.06415831297636032 0.2914094924926758 0.6340968012809753 0.08358220010995865 0.2623112201690674 0.6223083138465881 0.09783599525690079 0.4288732409477234 0.6917315721511841 0.07603716850280762 0.35833072662353516 0.6543973088264465 0.12375426292419434 0.31029629707336426 0.643939733505249 0.15245656669139862 0.2720410227775574 0.6419585943222046 0.17343179881572723 0.44996803998947144 0.6795895099639893 0.11565997451543808 0.38590019941329956 0.6419104337692261 0.16430549323558807 0.3414763808250427 0.6200815439224243 0.19785599410533905 0.30833104252815247 0.6147886514663696 0.21802783012390137 0.4645582437515259 0.6752288937568665 0.1454324573278427 0.41570842266082764 0.643729031085968 0.1877783089876175 0.3828868865966797 0.6267706751823425 0.21663163602352142 0.3537035286426544 0.6222348809242249 0.237662672996521
0 0 0 0 0 0 0 0 0 0 0 0 0 0 0 0 0 0 0 0 0 0 0 0 0 0 0 0 0 0 0 0 0 0 0 0 0 0 0 0 0 0 0 0 0 0 0 0 0 0 0 0 0 0 0 0 0 0 0 0 0 0 0
0.22628018260002136 0.7116632461547852 9.7364249995735e-09 0.27997887134552 0.6255442500114441 0.021427994593977928 0.35537099838256836 0.567953884601593 0.007006950676441193 0.42697224020957947 0.5616297125816345 -0.014489085413515568 0.4754837155342102 0.5715976357460022 -0.033755067735910416 0.3590490520000458 0.47252702713012695 -0.028738871216773987 0.456449955701828 0.479032963514328 -0.0385637991130352 0.46154412627220154 0.5193696022033691 -0.03540029004216194 0.4435994327068329 0.5360603928565979 -0.035670675337314606 0.359897643327713 0.5234864950180054 -0.05572617053985596 0.4548109769821167 0.5608496069908142 -0.06563416123390198 0.4374253451824188 0.5966399908065796 -0.059213895350694656 0.40819355845451355 0.6015937924385071 -0.05697573721408844 0.36097678542137146 0.5865771174430847 -0.07716024667024612 0.43929147720336914 0.6286733746528625 -0.07438042759895325 0.4201289415359497 0.6484651565551758 -0.05597703903913498 0.391541451215744 0.6442961096763611 -0.04879117012023926 0.3615657091140747 0.6535043716430664 -0.09851209074258804 0.4210999608039856 0.6800752878189087 -0.08698561042547226 0.4050695598125458 0.6919605731964111 -0.06976964324712753 0.38139083981513977 0.6895220875740051 -0.06168641522526741
0 0 0 0 0 0 0 0 0 0 0 0 0 0 0 0 0 0 0 0 0 0 0 0 0 0 0 0 0 0 0 0 0 0 0 0 0 0 0 0 0 0 0 0 0 0 0 0 0 0 0 0 0 0 0 0 0 0 0 0 0 0 0
0 0 0 0 0 0 0 0 0 0 0 0 0 0 0 0 0 0 0 0 0 0 0 0 0 0 0 0 0 0 0 0 0 0 0 0 0 0 0 0 0 0 0 0 0 0 0 0 0 0 0 0 0 0 0 0 0 0 0 0 0 0 0
0.6210616230964661 0.855380654335022 -9.44918721046406e-09 0.5296156406402588 0.8641660213470459 -0.022118395194411278 0.4566877782344818 0.8088347911834717 -0.03280036151409149 0.4094269871711731 0.7495360970497131 -0.03586657717823982 0.37900441884994507 0.7146753072738647 -0.03629005327820778 0.487255334854126 0.6531631350517273 -0.05584108829498291 0.4460170865058899 0.605776309967041 -0.037051063030958176 0.45372527837753296 0.6610451340675354 -0.009688886813819408 0.4746418297290802 0.7013745903968811 0.006002319976687431 0.5416311621665955 0.6205963492393494 -0.044437605887651443 0.5064170360565186 0.57965087890625 -0.030228354036808014 0.5099197030067444 0.6382322311401367 -0.007253821473568678 0.5314507484436035 0.6788772940635681 0.0062986440025269985 0.595096230506897 0.6132782697677612 -0.028168899938464165 0.560735821723938 0.5791041851043701 -0.010921540670096874 0.5587323307991028 0.6268824934959412 0.005975018721073866 0.5716851949691772 0.6583989858627319 0.012805218808352947 0.6426740288734436 0.6227943301200867 -0.013225155882537365 0.6093713045120239 0.5947415232658386 0.0008805785910226405 0.6055978536605835 0.629545271396637 0.011833012104034424 0.6143224239349365 0.6540558934211731 0.017744995653629303
0.656745970249176 0.8514059782028198 -3.74328035235294e-09 0.5638778209686279 0.8715742826461792 0.013297486118972301 0.48916953802108765 0.8486576080322266 0.01821424812078476 0.4367956221103668 0.8022103309631348 0.02685786597430706 0.40393418073654175 0.763421893119812 0.037547819316387177 0.4913868308067322 0.7075905799865723 -0.03830963745713234 0.4405869245529175 0.6279684901237488 -0.010148155502974987 0.4477063715457916 0.649584949016571 0.03005870245397091 0.47074535489082336 0.6830975413322449 0.055552300065755844 0.5426443219184875 0.6503667831420898 -0.03724117949604988 0.49482712149620056 0.581989049911499 -0.010157057084143162 0.49669885635375977 0.6159530282020569 0.030846556648612022 0.5167340040206909 0.6561242341995239 0.05725027620792389 0.5945892333984375 0.6151907444000244 -0.027551528066396713 0.550852358341217 0.5625996589660645 -0.00013321526057552546 0.548392653465271 0.5965480208396912 0.030920254066586494 0.561968982219696 0.6303924322128296 0.04781828448176384 0.6423793435096741 0.5974823236465454 -0.015861626714468002 0.6023014783859253 0.5614794492721558 0.0043937331065535545 0.5969191789627075 0.5886549949645996 0.023919545114040375 0.6075437068939209 0.6168246269226074 0.03770771250128746
0.6648103594779968 0.8664717078208923 2.91891399939459e-09 0.5701513886451721 0.8846518993377686 -0.007567448541522026 0.47972026467323303 0.868503212928772 -0.0227042306214571 0.4001120924949646 0.8663668632507324 -0.03292066231369972 0.33885782957077026 0.8818020224571228 -0.03871115297079086 0.5033966898918152 0.7447307109832764 -0.0642959251999855 0.4576481282711029 0.6235654354095459 -0.05238223820924759 0.4547712802886963 0.6454346776008606 -0.016819339245557785 0.47017598152160645 0.6918895244598389 0.009151363745331764 0.5586175322532654 0.7045342922210693 -0.059269264340400696 0.5110142230987549 0.5886938571929932 -0.04632961004972458 0.5064271092414856 0.6115391850471497 -0.005057858768850565 0.5211158394813538 0.6520715355873108 0.02559611387550831 0.6111606359481812 0.6770258545875549 -0.04849446564912796 0.5620668530464172 0.5700644850730896 -0.029906142503023148 0.5567662715911865 0.5910996198654175 0.009272485971450806 0.5678402781486511 0.6257691383361816 0.03604358062148094 0.6562002897262573 0.659555196762085 -0.03900403901934624 0.6112189292907715 0.570743203163147 -0.01937997154891491 0.6033067107200623 0.587299644947052 0.008330880664288998 0.6111111640930176 0.6168009042739868 0.030132027342915535
0.6552906036376953 0.8763681650161743 9.11339115283738e-10 0.546145498752594 0.8897287845611572 -0.012987520545721054 0.4424406886100769 0.8763216733932495 -0.024426935240626335 0.3524708151817322 0.8780862092971802 -0.030226362869143486 0.28393346071243286 0.8913084268569946 -0.03067965991795063 0.48009589314460754 0.7372257113456726 -0.03810238838195801 0.4356861114501953 0.633074939250946 -0.012432774528861046 0.4291370213031769 0.6587547659873962 0.02506977692246437 0.4393864870071411 0.701209306716919 0.05143335461616516 0.539324164390564 0.6991897821426392 -0.023907192051410675 0.48753729462623596 0.6056626439094543 0.009596015326678753 0.4790489673614502 0.6386901140213013 0.051823388785123825 0.4924881160259247 0.6836667060852051 0.08017657697200775 0.5946245193481445 0.6777442693710327 -0.005527544766664505 0.5412371158599854 0.5926216840744019 0.03192058950662613 0.5333566665649414 0.6139531135559082 0.06870850175619125 0.5446141362190247 0.6490614414215088 0.09074874967336655 0.6392261385917664 0.6677806973457336 0.010578734800219536 0.5931665897369385 0.601473331451416 0.04733940586447716 0.5830771327018738 0.621880054473877 0.07616472244262695 0.5888305306434631 0.6502960920333862 0.09609436243772507
0.6516426801681519 0.8742375373840332 1.8529436318637238e-10 0.5264763236045837 0.8721973299980164 -0.017491469159722328 0.4132132828235626 0.854323148727417 -0.022829990833997726 0.32182303071022034 0.8466567397117615 -0.026098167523741722 0.24354758858680725 0.8494959473609924 -0.0252157524228096 0.47095227241516113 0.6986445188522339 0.03129931166768074 0.43764862418174744 0.6448780298233032 0.0655810758471489 0.4344424605369568 0.6771296858787537 0.08918138593435287 0.4350750744342804 0.7176792621612549 0.1040283814072609 0.5247558951377869 0.677983820438385 0.05008077248930931 0.4951222836971283 0.6254196166992188 0.09954429417848587 0.48757317662239075 0.6599699854850769 0.12287911772727966 0.48774629831314087 0.7010527849197388 0.13536517322063446 0.5744861364364624 0.6777048110961914 0.06718365103006363 0.5360630750656128 0.6293831467628479 0.1195400282740593 0.5280699729919434 0.6518000364303589 0.14109167456626892 0.5293467044830322 0.6827379465103149 0.14901670813560486 0.6086298227310181 0.6901151537895203 0.07968975603580475 0.5799131393432617 0.6502655148506165 0.12794755399227142 0.5720543265342712 0.6649531126022339 0.1508815884590149 0.5706424117088318 0.6796078681945801 0.16351564228534698
0 0 0 0 0 0 0 0 0 0 0 0 0 0 0 0 0 0 0 0 0 0 0 0 0 0 0 0 0 0 0 0 0 0 0 0 0 0 0 0 0 0 0 0 0 0 0 0 0 0 0 0 0 0 0 0 0 0 0 0 0 0 0
0 0 0 0 0 0 0 0 0 0 0 0 0 0 0 0 0 0 0 0 0 0 0 0 0 0 0 0 0 0 0 0 0 0 0 0 0 0 0 0 0 0 0 0 0 0 0 0 0 0 0 0 0 0 0 0 0 0 0 0 0 0 0
0 0 0 0 0 0 0 0 0 0 0 0 0 0 0 0 0 0 0 0 0 0 0 0 0 0 0 0 0 0 0 0 0 0 0 0 0 0 0 0 0 0 0 0 0 0 0 0 0 0 0 0 0 0 0 0 0 0 0 0 0 0 0
0 0 0 0 0 0 0 0 0 0 0 0 0 0 0 0 0 0 0 0 0 0 0 0 0 0 0 0 0 0 0 0 0 0 0 0 0 0 0 0 0 0 0 0 0 0 0 0 0 0 0 0 0 0 0 0 0 0 0 0 0 0 0
0.6587578058242798 0.8584566712379456 -1.1044150038941325e-09 0.5698997974395752 0.8651344180107117 -0.007417767308652401 0.5025981664657593 0.8074177503585815 -0.006303076632320881 0.4766164720058441 0.7373402118682861 -0.002853392856195569 0.4792447090148926 0.6943703293800354 0.0025416435673832893 0.5191857814788818 0.6689820289611816 -0.013390881009399891 0.4924103915691376 0.6229660511016846 0.010024074465036392 0.506278932094574 0.6702935099601746 0.03271064907312393 0.5240142941474915 0.7069072127342224 0.04381830245256424 0.5686546564102173 0.6273954510688782 -0.010745561681687832 0.5456730723381042 0.5969080328941345 0.011960359290242195 0.5545316338539124 0.6469717025756836 0.025461014360189438 0.5737238526344299 0.6845067143440247 0.029560482129454613 0.6181972622871399 0.6085888147354126 -0.004361194558441639 0.5943111181259155 0.5869912505149841 0.018539555370807648 0.5966841578483582 0.6281830668449402 0.02461351826786995 0.6078243851661682 0.6591066122055054 0.021692803129553795 0.6643106937408447 0.6055648922920227 0.0008853280451148748 0.639338493347168 0.5927811861038208 0.020161336287856102 0.6416571140289307 0.6251330971717834 0.026464981958270073 0.6516472101211548 0.6514323353767395 0.026526914909482002
0.6650912165641785 0.8464738130569458 -7.504292298676773e-09 0.5738270282745361 0.8499923944473267 -0.0057928794994950294 0.5059612393379211 0.801988959312439 -0.0020907511934638023 0.46368807554244995 0.7441568970680237 0.0035612855572253466 0.4374263882637024 0.7048942446708679 0.01202948298305273 0.5399346947669983 0.6308104991912842 0.009521889500319958 0.5240716934204102 0.5879630446434021 0.04377502575516701 0.5309509634971619 0.6327676177024841 0.07082170993089676 0.5426459908485413 0.6693793535232544 0.08453259617090225 0.5904219746589661 0.5993230938911438 0.014700145460665226 0.5689793825149536 0.5687121152877808 0.045704152435064316 0.5719885230064392 0.6134998798370361 0.06117752194404602 0.5858702659606934 0.6504406332969666 0.06852806359529495 0.6379914879798889 0.5882240533828735 0.022791391238570213 0.6121271252632141 0.5652199387550354 0.05259004235267639 0.6135150790214539 0.6046200394630432 0.061082154512405396 0.622999370098114 0.6373717188835144 0.0614653006196022 0.6812338829040527 0.5895279049873352 0.0297645702958107 0.6543970704078674 0.5706634521484375 0.05416795611381531 0.6542429327964783 0.6037432551383972 0.0631289854645729 0.6613338589668274 0.6332576870918274 0.06682813167572021
0.6769086718559265 0.827390730381012 -1.1694518242677532e-08 0.5640103220939636 0.8436518907546997 -0.0005511261988431215 0.4906878173351288 0.7776251435279846 0.0064299702644348145 0.4544892907142639 0.6849019527435303 0.017634740099310875 0.4399825930595398 0.6109095811843872 0.0326351672410965 0.5087411999702454 0.608863115310669 0.0040644193068146706 0.4548819363117218 0.5883738994598389 0.04802687466144562 0.46665841341018677 0.6514644622802734 0.08515757322311401 0.49349910020828247 0.688930332660675 0.10378421097993851 0.5675613284111023 0.5666635036468506 0.01177274715155363 0.5161163210868835 0.560611367225647 0.046423956751823425 0.5253592133522034 0.6200025081634521 0.06831073015928268 0.5511412024497986 0.6572145223617554 0.08060002326965332 0.6227877736091614 0.5538263916969299 0.025623101741075516 0.5718923807144165 0.5493954420089722 0.05870315060019493 0.5748858451843262 0.5989183187484741 0.07193267345428467 0.5934818387031555 0.6313170790672302 0.07547111809253693 0.673109769821167 0.558490514755249 0.04076467826962471 0.6253807544708252 0.5513718128204346 0.06821717321872711 0.62638258934021 0.5928377509117126 0.08058756589889526 0.6413111686706543 0.6216284036636353 0.08675021678209305
0.6887676119804382 0.8497905731201172 -1.621027978515599e-09 0.5812075138092041 0.8773078322410583 0.005750173237174749 0.5005704164505005 0.8313104510307312 0.016405584290623665 0.45123863220214844 0.7640308141708374 0.032308343797922134 0.42392322421073914 0.7171763777732849 0.0518060103058815 0.5174947381019592 0.6664231419563293 -0.008138907141983509 0.47476285696029663 0.6113874912261963 0.03560309112071991 0.48007237911224365 0.6510490775108337 0.0776982232928276 0.4997384548187256 0.6871035099029541 0.10216671228408813 0.5715363621711731 0.6140202283859253 0.001696772058494389 0.5292242169380188 0.5685704946517944 0.040083885192871094 0.529373824596405 0.6103514432907104 0.07283806055784225 0.5468789935112 0.6501912474632263 0.09284129738807678 0.6226382255554199 0.5886006355285645 0.01917547918856144 0.5809942483901978 0.5523062944412231 0.05837094783782959 0.5794887542724609 0.5907632112503052 0.08161052316427231 0.5931304693222046 0.6266290545463562 0.09207247197628021 0.6685049533843994 0.581040620803833 0.0378759503364563 0.6269501447677612 0.5485361814498901 0.06950890272855759 0.6233322620391846 0.5780088305473328 0.08711007237434387 0.6317026615142822 0.6073086857795715 0.09764877706766129
0.6876527667045593 0.8794552087783813 5.6088063082881945e-09 0.5974006652832031 0.902158260345459 0.015196123160421848 0.5186774134635925 0.8891053795814514 0.030485371127724648 0.45837685465812683 0.8803955316543579 0.043612804263830185 0.4112526774406433 0.8792426586151123 0.05962797626852989 0.5339421033859253 0.7255993485450745 0.055799178779125214 0.5096669793128967 0.6430090069770813 0.09676504880189896 0.5056198835372925 0.637828528881073 0.12962786853313446 0.5054620504379272 0.6505939960479736 0.1513240933418274 0.5814824104309082 0.6925082206726074 0.06189008057117462 0.5552259683609009 0.6149871945381165 0.10874773561954498 0.547301709651947 0.6064786911010742 0.14370222389698029 0.5459640026092529 0.6143799424171448 0.16778279840946198 0.6281335949897766 0.67681884765625 0.06909195333719254 0.5982679128646851 0.6071325540542603 0.11498408019542694 0.5868380665779114 0.5956599116325378 0.15039746463298798 0.579577624797821 0.6026636958122253 0.17234168946743011 0.6723227500915527 0.670307457447052 0.07382997870445251 0.6425487995147705 0.6068426966667175 0.1111205518245697 0.6322402954101562 0.5939579606056213 0.13903330266475677 0.6270826458930969 0.5969728231430054 0.15983796119689941
0.6716737747192383 0.8699286580085754 -4.516117702024758e-09 0.5704880952835083 0.8957483768463135 0.004337281454354525 0.47623974084854126 0.8959569931030273 0.0019835266284644604 0.39731258153915405 0.9080169796943665 0.0024509935174137354 0.33608606457710266 0.9174389839172363 0.004872296005487442 0.4793844521045685 0.7249279618263245 -0.013753684237599373 0.45460695028305054 0.6827735900878906 0.016469037160277367 0.4670528769493103 0.7145247459411621 0.04535587504506111 0.47886139154434204 0.7518967390060425 0.06313436478376389 0.5286514163017273 0.6876859068870544 -0.0068195294588804245 0.5099237561225891 0.6542671322822571 0.033373575657606125 0.521030068397522 0.6907178163528442 0.066747285425663 0.5319220423698425 0.7302674055099487 0.08491605520248413 0.581091582775116 0.6723191738128662 0.005448891781270504 0.556740403175354 0.6391469836235046 0.05024893209338188 0.5623282194137573 0.6604753732681274 0.07866349071264267 0.5704020261764526 0.6881293654441833 0.08971091359853745 0.6289803385734558 0.6689155697822571 0.01690533570945263 0.6008755564689636 0.6383347511291504 0.05363708734512329 0.6000990867614746 0.6563489437103271 0.07525897026062012 0.6041558980941772 0.680263102054596 0.08741384744644165
0 0 0 0 0 0 0 0 0 0 0 0 0 0 0 0 0 0 0 0 0 0 0 0 0 0 0 0 0 0 0 0 0 0 0 0 0 0 0 0 0 0 0 0 0 0 0 0 0 0 0 0 0 0 0 0 0 0 0 0 0 0 0
0 0 0 0 0 0 0 0 0 0 0 0 0 0 0 0 0 0 0 0 0 0 0 0 0 0 0 0 0 0 0 0 0 0 0 0 0 0 0 0 0 0 0 0 0 0 0 0 0 0 0 0 0 0 0 0 0 0 0 0 0 0 0
0 0 0 0 0 0 0 0 0 0 0 0 0 0 0 0 0 0 0 0 0 0 0 0 0 0 0 0 0 0 0 0 0 0 0 0 0 0 0 0 0 0 0 0 0 0 0 0 0 0 0 0 0 0 0 0 0 0 0 0 0 0 0
0 0 0 0 0 0 0 0 0 0 0 0 0 0 0 0 0 0 0 0 0 0 0 0 0 0 0 0 0 0 0 0 0 0 0 0 0 0 0 0 0 0 0 0 0 0 0 0 0 0 0 0 0 0 0 0 0 0 0 0 0 0 0
0.6827512979507446 0.8564877510070801 6.975030331091148e-09 0.5869313478469849 0.8578521609306335 -0.005106141325086355 0.49866366386413574 0.8018264770507812 -0.005141982343047857 0.4299190044403076 0.7638005018234253 -0.0025103818625211716 0.3704111874103546 0.7781731486320496 0.0030357844661921263 0.5337040424346924 0.6938796639442444 -0.00662211375311017 0.4971594512462616 0.5965211391448975 0.008956816047430038 0.47517129778862 0.5672578811645508 0.029328465461730957 0.46017295122146606 0.5589959025382996 0.04505767300724983 0.5898714065551758 0.659095048904419 0.0027035395614802837 0.557003378868103 0.5737780332565308 0.03050728142261505 0.5428926348686218 0.5620242357254028 0.060773320496082306 0.5363929867744446 0.5719910860061646 0.08087099343538284 0.6423598527908325 0.641945481300354 0.013476645573973656 0.605826199054718 0.5652769207954407 0.04109092056751251 0.5925620794296265 0.5524423718452454 0.07050072401762009 0.5843816995620728 0.5634138584136963 0.08927221596240997 0.6842371821403503 0.6349453330039978 0.021079398691654205 0.6528450846672058 0.5739977359771729 0.04960096254944801 0.6418143510818481 0.5659122467041016 0.07432422786951065 0.6360929012298584 0.573906660079956 0.09173402190208435
0.6864773035049438 0.8759769201278687 3.2004137118235576e-09 0.5952264666557312 0.8651912212371826 0.002122078090906143 0.5009974241256714 0.7969539761543274 -0.00854931864887476 0.432870090007782 0.7531949281692505 -0.017549753189086914 0.37780967354774475 0.7670982480049133 -0.027638813480734825 0.5427066683769226 0.7410345673561096 -0.06956801563501358 0.4988887906074524 0.6263200044631958 -0.08824820816516876 0.4633716940879822 0.5578302145004272 -0.09124694764614105 0.43280553817749023 0.5048043131828308 -0.09302660077810287 0.599467933177948 0.7055016756057739 -0.07924043387174606 0.5456594824790955 0.5977087020874023 -0.09515991061925888 0.5021042823791504 0.5440925359725952 -0.08814898133277893 0.4698353707790375 0.5119185447692871 -0.08588730543851852 0.6549792289733887 0.6814734935760498 -0.08258292824029922 0.609088659286499 0.5781967639923096 -0.08934462070465088 0.5849001407623291 0.5460019111633301 -0.07234342396259308 0.569126546382904 0.5347113013267517 -0.0626714825630188 0.7038607597351074 0.6659349799156189 -0.08692988753318787 0.6668918132781982 0.5868915319442749 -0.08620195835828781 0.6459941267967224 0.5654388666152954 -0.07315349578857422 0.6333348751068115 0.5563597679138184 -0.06567605584859848
0.14651428163051605 0.7155712842941284 9.354363506020036e-09 0.226769357919693 0.6450220346450806 -0.011282646097242832 0.31794866919517517 0.5979547500610352 -0.007726555224508047 0.3938598334789276 0.6067841649055481 -0.011236338876187801 0.449796587228775 0.6393662095069885 -0.016520056873559952 0.36945641040802 0.5588601231575012 0.06461867690086365 0.4629855155944824 0.5697903037071228 0.07602319121360779 0.5091793537139893 0.6070316433906555 0.06964641809463501 0.5329339504241943 0.6410371661186218 0.061259157955646515 0.36574864387512207 0.6100636124610901 0.05668620392680168 0.45683884620666504 0.6278929114341736 0.07082225382328033 0.49934160709381104 0.6675828099250793 0.0497954785823822 0.5122600197792053 0.708808422088623 0.03119841031730175 0.3553779423236847 0.6585370898246765 0.041952989995479584 0.44155314564704895 0.6812105774879456 0.050945453345775604 0.4762387275695801 0.7176511883735657 0.02928285114467144 0.48199692368507385 0.7519230842590332 0.009760717861354351 0.3424644470214844 0.7103577256202698 0.022011250257492065 0.41410356760025024 0.7290042638778687 0.025104543194174767 0.4412243962287903 0.752975344657898 0.014163353480398655 0.4450663626194 0.7775881886482239 0.0027429223991930485
0.14110799133777618 0.7696582078933716 1.0724800603156837e-08 0.23909127712249756 0.7986245155334473 0.02565152943134308 0.3233572542667389 0.7782715559005737 0.023051142692565918 0.38543784618377686 0.7606430649757385 0.005013423506170511 0.4363802671432495 0.7363025546073914 -0.010329852811992168 0.3587222993373871 0.6233996152877808 0.06923574209213257 0.44206175208091736 0.620237410068512 0.07301589101552963 0.44184595346450806 0.6851016879081726 0.06797938048839569 0.4220723509788513 0.7207633256912231 0.06060341000556946 0.3383868932723999 0.5995678901672363 0.03615131974220276 0.4263622462749481 0.6216608285903931 0.03455885872244835 0.41560864448547363 0.6925771832466125 0.012725528329610825 0.38510391116142273 0.7293192148208618 -0.0026232495438307524 0.3164657950401306 0.5799263715744019 0.001650537014938891 0.405208557844162 0.607288122177124 0.0056442576460540295 0.3905754089355469 0.6798375844955444 -0.002667295513674617 0.354409784078598 0.7221351861953735 -0.011376744136214256 0.29145562648773193 0.5683799982070923 -0.034179892390966415 0.3772925138473511 0.5819849967956543 -0.025511443614959717 0.3854997158050537 0.6346936225891113 -0.021802859380841255 0.36612236499786377 0.6727259159088135 -0.022834712639451027
0.13417582213878632 0.7814930081367493 5.156010729479021e-09 0.21781714260578156 0.8144934177398682 0.028909526765346527 0.2973646819591522 0.8003264665603638 0.03420457988977432 0.35218486189842224 0.7772989273071289 0.024274833500385284 0.40024062991142273 0.7527652382850647 0.013323251157999039 0.31864064931869507 0.5973855257034302 0.07876136898994446 0.3990141451358795 0.6231833696365356 0.08581758290529251 0.43727540969848633 0.6798733472824097 0.07657168805599213 0.4576684236526489 0.7205652594566345 0.06511109322309494 0.30303889513015747 0.562609851360321 0.04499434307217598 0.39686527848243713 0.6061039566993713 0.052805736660957336 0.43454891443252563 0.6732102632522583 0.03287750855088234 0.4528570771217346 0.7271855473518372 0.013691611588001251 0.2877364158630371 0.546104371547699 0.00866073276847601 0.3840886950492859 0.5989305973052979 0.015655716881155968 0.4163500964641571 0.6680017113685608 0.005407402291893959 0.42898645997047424 0.7264641523361206 -0.008046449162065983 0.2697790861129761 0.553139865398407 -0.029340332373976707 0.35917913913726807 0.5997911095619202 -0.02540815807878971 0.3934182822704315 0.6535730361938477 -0.02482963725924492 0.4081650972366333 0.7046555876731873 -0.028942232951521873
0.1405043601989746 0.7846189737319946 9.297909997485476e-09 0.2223368138074875 0.8085430860519409 0.018973147496581078 0.2816570997238159 0.78901207447052 0.019015531986951828 0.3312321603298187 0.7686383724212646 0.009239930659532547 0.37105345726013184 0.7476140856742859 0.0019107830012217164 0.28259730339050293 0.5974785685539246 0.04966628924012184 0.36683976650238037 0.6013107299804688 0.058849919587373734 0.356548935174942 0.6686566472053528 0.061240822076797485 0.3230630159378052 0.7033483386039734 0.0588325560092926 0.2745736241340637 0.5772354602813721 0.02773071825504303 0.3643783926963806 0.602821409702301 0.03292122483253479 0.3533087372779846 0.6757004261016846 0.019132288172841072 0.3220736086368561 0.709320604801178 0.007537624798715115 0.26815709471702576 0.5675886869430542 0.006260029971599579 0.3592771887779236 0.606482982635498 0.01488950289785862 0.343290776014328 0.6752309799194336 0.007632674183696508 0.3077079951763153 0.705559492111206 -0.0016784616746008396 0.25985339283943176 0.5698864459991455 -0.015628457069396973 0.34477484226226807 0.5961130857467651 -0.006033093668520451 0.34201785922050476 0.6474115252494812 -0.0036511006765067577 0.3145056664943695 0.6797017455101013 -0.005369374994188547
0 0 0 0 0 0 0 0 0 0 0 0 0 0 0 0 0 0 0 0 0 0 0 0 0 0 0 0 0 0 0 0 0 0 0 0 0 0 0 0 0 0 0 0 0 0 0 0 0 0 0 0 0 0 0 0 0 0 0 0 0 0 0
0 0 0 0 0 0 0 0 0 0 0 0 0 0 0 0 0 0 0 0 0 0 0 0 0 0 0 0 0 0 0 0 0 0 0 0 0 0 0 0 0 0 0 0 0 0 0 0 0 0 0 0 0 0 0 0 0 0 0 0 0 0 0
0 0 0 0 0 0 0 0 0 0 0 0 0 0 0 0 0 0 0 0 0 0 0 0 0 0 0 0 0 0 0 0 0 0 0 0 0 0 0 0 0 0 0 0 0 0 0 0 0 0 0 0 0 0 0 0 0 0 0 0 0 0 0
0 0 0 0 0 0 0 0 0 0 0 0 0 0 0 0 0 0 0 0 0 0 0 0 0 0 0 0 0 0 0 0 0 0 0 0 0 0 0 0 0 0 0 0 0 0 0 0 0 0 0 0 0 0 0 0 0 0 0 0 0 0 0
0 0 0 0 0 0 0 0 0 0 0 0 0 0 0 0 0 0 0 0 0 0 0 0 0 0 0 0 0 0 0 0 0 0 0 0 0 0 0 0 0 0 0 0 0 0 0 0 0 0 0 0 0 0 0 0 0 0 0 0 0 0 0
0.2889341115951538 0.7259219884872437 8.61569837695697e-09 0.38886237144470215 0.7721741199493408 0.033290691673755646 0.4615495502948761 0.7365570068359375 0.04390743747353554 0.48041754961013794 0.6632354855537415 0.05316038802266121 0.45834633708000183 0.6046938896179199 0.06332550942897797 0.5002502799034119 0.5770694017410278 -0.0014844014076516032 0.5394587516784668 0.5108382701873779 0.025454021990299225 0.5426276922225952 0.4999846816062927 0.0436222217977047 0.5389751195907593 0.4892866909503937 0.04975162073969841 0.45273640751838684 0.5042718648910522 -0.01107404101639986 0.4516368508338928 0.48524630069732666 0.02100842073559761 0.4285130500793457 0.5281180739402771 0.045163676142692566 0.4090092182159424 0.5642240047454834 0.054733000695705414 0.3921578824520111 0.45981037616729736 -0.011189752258360386 0.38684824109077454 0.46311450004577637 0.031122924759984016 0.3693823218345642 0.5053067207336426 0.05157342925667763 0.3543858528137207 0.5373878479003906 0.05355169624090195 0.32981181144714355 0.4347940683364868 -0.010114733129739761 0.3238884210586548 0.45134487748146057 0.029365843161940575 0.3066239058971405 0.4936683177947998 0.04778425768017769 0.29372692108154297 0.5223765969276428 0.05357694253325462
0.26847177743911743 0.7671452760696411 -4.607946468837554e-09 0.3871881365776062 0.8129618167877197 0.05403532460331917 0.4654037356376648 0.7707102298736572 0.0839618444442749 0.48474356532096863 0.684176504611969 0.10989096760749817 0.4682186245918274 0.6150320172309875 0.13887637853622437 0.5004324316978455 0.5976125001907349 0.03816467523574829 0.5056728720664978 0.532271146774292 0.08697487413883209 0.47660017013549805 0.5629311203956604 0.1263720989227295 0.4545816481113434 0.6014993786811829 0.1470976620912552 0.4539697468280792 0.523546040058136 0.023746997117996216 0.45269137620925903 0.4850877523422241 0.07458655536174774 0.42776602506637573 0.520839273929596 0.10741760581731796 0.4091361463069916 0.561750590801239 0.1223609447479248 0.3964619040489197 0.47588253021240234 0.01979522593319416 0.3939262926578522 0.46103939414024353 0.07709197700023651 0.37531402707099915 0.49846938252449036 0.10163679718971252 0.36274096369743347 0.5378082990646362 0.10595703125 0.33396416902542114 0.4478365182876587 0.019256532192230225 0.3305421471595764 0.4448302984237671 0.0670560672879219 0.31730738282203674 0.4835608899593353 0.08851926773786545 0.3078269958496094 0.5214531421661377 0.0971202403306961
0.6635293960571289 0.8613702058792114 5.836692795746501e-10 0.5751565098762512 0.8268150091171265 -0.011487775482237339 0.53180992603302 0.7327821850776672 -0.02451726607978344 0.5304744839668274 0.6452710032463074 -0.03324030339717865 0.5290217399597168 0.5813494324684143 -0.043416913598775864 0.5615688562393188 0.6852095127105713 -0.06379047781229019 0.528774082660675 0.5791960954666138 -0.08639752119779587 0.50434809923172 0.5128486752510071 -0.098216712474823 0.4859701693058014 0.45833730697631836 -0.10644122958183289 0.6055665016174316 0.6693463325500488 -0.06218936666846275 0.5848041772842407 0.5491016507148743 -0.08721214532852173 0.5749411582946777 0.46828171610832214 -0.09660690277814865 0.5735926628112793 0.4016062617301941 -0.10418195277452469 0.6448027491569519 0.6647825837135315 -0.05590974539518356 0.6273524165153503 0.5564851760864258 -0.07095227390527725 0.6137157082557678 0.4843355417251587 -0.07176849991083145 0.6044603586196899 0.42544448375701904 -0.07378998398780823 0.6779447793960571 0.6710619926452637 -0.05042826756834984 0.6714317798614502 0.5888508558273315 -0.056637056171894073 0.6664361953735352 0.5370550155639648 -0.05659051984548569 0.6604475378990173 0.49385249614715576 -0.05869906023144722
0 0 0 0 0 0 0 0 0 0 0 0 0 0 0 0 0 0 0 0 0 0 0 0 0 0 0 0 0 0 0 0 0 0 0 0 0 0 0 0 0 0 0 0 0 0 0 0 0 0 0 0 0 0 0 0 0 0 0 0 0 0 0
0.30346474051475525 0.6910579204559326 8.370109050304109e-09 0.3619455397129059 0.7106970548629761 0.09499084949493408 0.4134417772293091 0.7610778212547302 0.14840342104434967 0.4370410442352295 0.8092859387397766 0.17867815494537354 0.45543524622917175 0.8585060238838196 0.2057313621044159 0.4626104235649109 0.8025177121162415 0.16670605540275574 0.49689576029777527 0.8833579421043396 0.2125937044620514 0.5244253277778625 0.9297292232513428 0.23727910220623016 0.5399329662322998 0.9645009636878967 0.25191956758499146 0.4576219320297241 0.8220089077949524 0.12255211919546127 0.49737244844436646 0.908124566078186 0.177962064743042 0.5253480672836304 0.9510924816131592 0.20417830348014832 0.5457432866096497 0.9835065007209778 0.2183615267276764 0.4483531713485718 0.8463341593742371 0.07793357223272324 0.48890578746795654 0.9280903935432434 0.12705907225608826 0.5152952671051025 0.9643418788909912 0.15556611120700836 0.5384200215339661 0.9874206781387329 0.1678907424211502 0.43329325318336487 0.8781270384788513 0.03493150696158409 0.47125986218452454 0.9383684992790222 0.06735212355852127 0.4936659634113312 0.9688814878463745 0.0885809063911438 0.5126035809516907 0.9882856011390686 0.10184681415557861
0 0 0 0 0 0 0 0 0 0 0 0 0 0 0 0 0 0 0 0 0 0 0 0 0 0 0 0 0 0 0 0 0 0 0 0 0 0 0 0 0 0 0 0 0 0 0 0 0 0 0 0 0 0 0 0 0 0 0 0 0 0 0
0 0 0 0 0 0 0 0 0 0 0 0 0 0 0 0 0 0 0 0 0 0 0 0 0 0 0 0 0 0 0 0 0 0 0 0 0 0 0 0 0 0 0 0 0 0 0 0 0 0 0 0 0 0 0 0 0 0 0 0 0 0 0
0 0 0 0 0 0 0 0 0 0 0 0 0 0 0 0 0 0 0 0 0 0 0 0 0 0 0 0 0 0 0 0 0 0 0 0 0 0 0 0 0 0 0 0 0 0 0 0 0 0 0 0 0 0 0 0 0 0 0 0 0 0 0
0 0 0 0 0 0 0 0 0 0 0 0 0 0 0 0 0 0 0 0 0 0 0 0 0 0 0 0 0 0 0 0 0 0 0 0 0 0 0 0 0 0 0 0 0 0 0 0 0 0 0 0 0 0 0 0 0 0 0 0 0 0 0
0 0 0 0 0 0 0 0 0 0 0 0 0 0 0 0 0 0 0 0 0 0 0 0 0 0 0 0 0 0 0 0 0 0 0 0 0 0 0 0 0 0 0 0 0 0 0 0 0 0 0 0 0 0 0 0 0 0 0 0 0 0 0
0.2691204845905304 0.8530583381652832 7.734638485246137e-10 0.36286303400993347 0.866989016532898 0.06401925534009933 0.42067790031433105 0.8216553330421448 0.0985335037112236 0.4370725452899933 0.7555819749832153 0.12697984278202057 0.423399418592453 0.7042628526687622 0.15832188725471497 0.4475059509277344 0.710249662399292 0.053496748208999634 0.4670328199863434 0.6439149379730225 0.10351409763097763 0.4499585032463074 0.668331503868103 0.14649246633052826 0.4348186254501343 0.7041276693344116 0.17170020937919617 0.4055299758911133 0.660055935382843 0.03718612715601921 0.42100152373313904 0.6087623238563538 0.08788679540157318 0.4038977324962616 0.6349693536758423 0.12519626319408417 0.38834598660469055 0.6720144152641296 0.14680764079093933 0.35557276010513306 0.6285898685455322 0.030559254810214043 0.3656977415084839 0.6003198027610779 0.08589199185371399 0.3513615131378174 0.630217432975769 0.11503130942583084 0.33986249566078186 0.6632550358772278 0.12666286528110504 0.3037959635257721 0.6117935180664062 0.028511257842183113 0.31397566199302673 0.5965790152549744 0.07593607902526855 0.304068922996521 0.6258552670478821 0.09972258657217026 0.2951943874359131 0.6554208993911743 0.11241492629051208
0.25773611664772034 0.8566312193870544 -7.079295816225795e-09 0.36568760871887207 0.9097417593002319 0.04262452945113182 0.44216910004615784 0.8791592717170715 0.06749527901411057 0.46933573484420776 0.7971910834312439 0.08999627828598022 0.45853903889656067 0.727956235408783 0.11723607778549194 0.46489816904067993 0.7190237641334534 0.039914894849061966 0.4918152987957001 0.6522229313850403 0.08947404474020004 0.47122901678085327 0.6812289953231812 0.13272857666015625 0.4483550786972046 0.7218626737594604 0.15768109261989594 0.416194349527359 0.6550672054290771 0.03252792730927467 0.43305855989456177 0.6118423342704773 0.08398297429084778 0.41442444920539856 0.6387401223182678 0.11949808895587921 0.3953094482421875 0.675588071346283 0.13979680836200714 0.3614257276058197 0.6170715689659119 0.033485665917396545 0.3770003020763397 0.5973255634307861 0.08766631782054901 0.3628194332122803 0.6270233392715454 0.11497939378023148 0.3467462658882141 0.6618051528930664 0.12601079046726227 0.30748236179351807 0.5952437520027161 0.037351664155721664 0.32466092705726624 0.5859069228172302 0.08447016030550003 0.3140024244785309 0.6182370185852051 0.10824193805456161 0.30155161023139954 0.6515332460403442 0.1214384064078331
0.6381082534790039 0.8652564883232117 -6.889865122872152e-09 0.5663477182388306 0.8122649788856506 0.011401559226214886 0.5238853693008423 0.7307057976722717 -0.005534572061151266 0.4934349060058594 0.6754199862480164 -0.025930015370249748 0.46174731850624084 0.6338089108467102 -0.04935597628355026 0.5901148915290833 0.6441784501075745 -0.05003101006150246 0.5664198994636536 0.5422934889793396 -0.08435031771659851 0.5557903051376343 0.46960440278053284 -0.10678301006555557 0.5467811822891235 0.41364380717277527 -0.1232355386018753 0.6046424508094788 0.6512733697891235 -0.07418826222419739 0.5740170478820801 0.5417697429656982 -0.11487087607383728 0.5639740228652954 0.46938732266426086 -0.13697244226932526 0.556888222694397 0.4149125814437866 -0.15311560034751892 0.6050007343292236 0.6779550909996033 -0.0941060483455658 0.582182765007019 0.5724543929100037 -0.12809760868549347 0.5702144503593445 0.5008126497268677 -0.1425270289182663 0.5586425065994263 0.45011231303215027 -0.15277691185474396 0.5893488526344299 0.721774160861969 -0.11271370947360992 0.5812274813652039 0.6423283815383911 -0.13628116250038147 0.5763819217681885 0.5934145450592041 -0.1454760730266571 0.5694696307182312 0.5579015016555786 -0.15456794202327728
0.23925836384296417 0.8277488946914673 -1.5294878696892056e-09 0.3398318588733673 0.8991343379020691 0.014963011257350445 0.43302303552627563 0.9058018922805786 0.016447633504867554 0.4945070147514343 0.8710135221481323 0.018532883375883102 0.5033141374588013 0.8262077569961548 0.02325478196144104 0.4572336971759796 0.7533578276634216 -0.013367319479584694 0.4999253749847412 0.6678363084793091 0.002152285072952509 0.5091149210929871 0.6450844407081604 0.019822536036372185 0.5085502862930298 0.6379247903823853 0.03083627112209797 0.42002004384994507 0.6938438415527344 -0.017492542043328285 0.45323753356933594 0.6601043343544006 0.005298311356455088 0.4401392340660095 0.6870220303535461 0.03013068065047264 0.4188358783721924 0.7152150869369507 0.04513959959149361 0.3715214431285858 0.6617996692657471 -0.015652960166335106 0.40375420451164246 0.6369238495826721 0.008952337317168713 0.3945313096046448 0.6628311276435852 0.03284335508942604 0.3755932152271271 0.6914856433868408 0.04489653930068016 0.321976900100708 0.6438571214675903 -0.013750387355685234 0.34668341279029846 0.6281595826148987 0.012559407390654087 0.34005361795425415 0.6539021730422974 0.03381738066673279 0.3260502517223358 0.6783701777458191 0.046799417585134506
0 0 0 0 0 0 0 0 0 0 0 0 0 0 0 0 0 0 0 0 0 0 0 0 0 0 0 0 0 0 0 0 0 0 0 0 0 0 0 0 0 0 0 0 0 0 0 0 0 0 0 0 0 0 0 0 0 0 0 0 0 0 0
0 0 0 0 0 0 0 0 0 0 0 0 0 0 0 0 0 0 0 0 0 0 0 0 0 0 0 0 0 0 0 0 0 0 0 0 0 0 0 0 0 0 0 0 0 0 0 0 0 0 0 0 0 0 0 0 0 0 0 0 0 0 0
0 0 0 0 0 0 0 0 0 0 0 0 0 0 0 0 0 0 0 0 0 0 0 0 0 0 0 0 0 0 0 0 0 0 0 0 0 0 0 0 0 0 0 0 0 0 0 0 0 0 0 0 0 0 0 0 0 0 0 0 0 0 0
0 0 0 0 0 0 0 0 0 0 0 0 0 0 0 0 0 0 0 0 0 0 0 0 0 0 0 0 0 0 0 0 0 0 0 0 0 0 0 0 0 0 0 0 0 0 0 0 0 0 0 0 0 0 0 0 0 0 0 0 0 0 0
0.21954865753650665 0.8559813499450684 3.6780833934102475e-09 0.2752442955970764 0.7817876935005188 -0.05717143788933754 0.3577970564365387 0.7679953575134277 -0.07345709949731827 0.42377015948295593 0.7739589810371399 -0.07904131710529327 0.4810134172439575 0.7786911725997925 -0.0828315019607544 0.3964971899986267 0.9034073352813721 -0.020651549100875854 0.4834437966346741 0.9301121830940247 -0.015806224197149277 0.547630250453949 0.9418681859970093 -0.018911724910140038 0.5933499336242676 0.949373185634613 -0.021418385207653046 0.38824281096458435 0.9419214129447937 0.015139567665755749 0.47700685262680054 0.9595706462860107 0.029551148414611816 0.5491467714309692 0.9650498628616333 0.026654262095689774 0.6023146510124207 0.9615170359611511 0.02197432704269886 0.38124826550483704 0.9620064496994019 0.04716666787862778 0.4665485918521881 0.9717975854873657 0.0637192502617836 0.5330259799957275 0.9748908281326294 0.06356692314147949 0.5764110684394836 0.9651396870613098 0.05971597135066986 0.37608057260513306 0.9733181595802307 0.07207994163036346 0.45075732469558716 0.9783134460449219 0.08465903252363205 0.5047932267189026 0.9773010611534119 0.08705221116542816 0.5461535453796387 0.9678304195404053 0.0864233523607254
0 0 0 0 0 0 0 0 0 0 0 0 0 0 0 0 0 0 0 0 0 0 0 0 0 0 0 0 0 0 0 0 0 0 0 0 0 0 0 0 0 0 0 0 0 0 0 0 0 0 0 0 0 0 0 0 0 0 0 0 0 0 0
0 0 0 0 0 0 0 0 0 0 0 0 0 0 0 0 0 0 0 0 0 0 0 0 0 0 0 0 0 0 0 0 0 0 0 0 0 0 0 0 0 0 0 0 0 0 0 0 0 0 0 0 0 0 0 0 0 0 0 0 0 0 0
0 0 0 0 0 0 0 0 0 0 0 0 0 0 0 0 0 0 0 0 0 0 0 0 0 0 0 0 0 0 0 0 0 0 0 0 0 0 0 0 0 0 0 0 0 0 0 0 0 0 0 0 0 0 0 0 0 0 0 0 0 0 0
0.21970799565315247 0.8236089944839478 7.393752832207667e-10 0.32594534754753113 0.8836668133735657 0.01694410666823387 0.4376741051673889 0.8587676882743835 0.025586996227502823 0.529796838760376 0.8158029317855835 0.03599255159497261 0.5946682691574097 0.8100254535675049 0.049873754382133484 0.4374426305294037 0.7159018516540527 0.006761000491678715 0.4862523078918457 0.645087718963623 0.05218220874667168 0.4690761864185333 0.6838704943656921 0.092523492872715 0.4443856477737427 0.7144662737846375 0.11400891840457916 0.39402756094932556 0.6536723375320435 0.00936091598123312 0.43848514556884766 0.6123561859130859 0.06065583974123001 0.42638885974884033 0.650297999382019 0.0931747555732727 0.40209901332855225 0.6793870329856873 0.10840965062379837 0.3445715010166168 0.6081711649894714 0.01968899928033352 0.3904549181461334 0.5878622531890869 0.0728885605931282 0.38124337792396545 0.6151331663131714 0.09618198871612549 0.359261155128479 0.6356452703475952 0.10201875120401382 0.3000722825527191 0.5747633576393127 0.03156908601522446 0.3448008596897125 0.5706552267074585 0.07561006397008896 0.33291980624198914 0.5990140438079834 0.09753524512052536 0.31022971868515015 0.6169640421867371 0.10754817724227905
0.21168892085552216 0.8177394270896912 7.941254875909465e-10 0.32174623012542725 0.8737698793411255 0.014480927027761936 0.433675616979599 0.8489411473274231 0.022155053913593292 0.5287548303604126 0.8018506765365601 0.03100070171058178 0.5999810099601746 0.8057416081428528 0.04301263764500618 0.4394806921482086 0.7400475144386292 0.0043340809643268585 0.49312615394592285 0.6797084808349609 0.0408111996948719 0.5012231469154358 0.7023267149925232 0.07627561688423157 0.49647828936576843 0.7261896729469299 0.09723107516765594 0.40353843569755554 0.6681121587753296 0.006712829228490591 0.45378798246383667 0.6242457032203674 0.05010901391506195 0.4401701092720032 0.6568521857261658 0.08386880904436111 0.4147999584674835 0.6909068822860718 0.1036272719502449 0.35570037364959717 0.6136735081672668 0.014903026632964611 0.4005594551563263 0.5886709094047546 0.05857188254594803 0.38833215832710266 0.615032434463501 0.08259215950965881 0.36710456013679504 0.6403102874755859 0.09319593757390976 0.30849286913871765 0.5697466135025024 0.024457886815071106 0.3471396267414093 0.5602012872695923 0.06384499371051788 0.3342399001121521 0.5886743068695068 0.08507250249385834 0.3155348002910614 0.610597550868988 0.09695135802030563
0.19626951217651367 0.8026626706123352 9.670991785171168e-10 0.28628775477409363 0.8779647350311279 0.0034757349640130997 0.38436180353164673 0.8682465553283691 0.0023626561742275953 0.45957550406455994 0.8050529360771179 0.012373201549053192 0.5036453008651733 0.7485776543617249 0.022946365177631378 0.4048272669315338 0.7979861497879028 -0.07618092000484467 0.49913549423217773 0.7843600511550903 -0.07288151234388351 0.5619871020317078 0.7825878262519836 -0.054774973541498184 0.6053599715232849 0.7821847200393677 -0.03857076168060303 0.3885122239589691 0.710395097732544 -0.060706038028001785 0.46348777413368225 0.6536517143249512 -0.03503803908824921 0.45884573459625244 0.6626082062721252 0.007962042465806007 0.43629810214042664 0.6827115416526794 0.03438447415828705 0.357232928276062 0.6481386423110962 -0.03758598491549492 0.41848111152648926 0.6069589853286743 -0.0034136855974793434 0.41147294640541077 0.6347153782844543 0.03859303891658783 0.38873961567878723 0.6628134250640869 0.061058737337589264 0.3269609808921814 0.6012794375419617 -0.013760351575911045 0.3811229467391968 0.5755307674407959 0.01601208932697773 0.37401291728019714 0.6011030077934265 0.04407761991024017 0.3538123369216919 0.6274307370185852 0.0624675489962101
0 0 0 0 0 0 0 0 0 0 0 0 0 0 0 0 0 0 0 0 0 0 0 0 0 0 0 0 0 0 0 0 0 0 0 0 0 0 0 0 0 0 0 0 0 0 0 0 0 0 0 0 0 0 0 0 0 0 0 0 0 0 0
0 0 0 0 0 0 0 0 0 0 0 0 0 0 0 0 0 0 0 0 0 0 0 0 0 0 0 0 0 0 0 0 0 0 0 0 0 0 0 0 0 0 0 0 0 0 0 0 0 0 0 0 0 0 0 0 0 0 0 0 0 0 0
0 0 0 0 0 0 0 0 0 0 0 0 0 0 0 0 0 0 0 0 0 0 0 0 0 0 0 0 0 0 0 0 0 0 0 0 0 0 0 0 0 0 0 0 0 0 0 0 0 0 0 0 0 0 0 0 0 0 0 0 0 0 0
0.404579758644104 0.8365643620491028 4.814838749922501e-09 0.327351838350296 0.8308968544006348 -0.019733434543013573 0.2508831024169922 0.7814611196517944 -0.05076397582888603 0.18776501715183258 0.7178958654403687 -0.07366201281547546 0.144002765417099 0.6591134071350098 -0.097748763859272 0.28015410900115967 0.7543872594833374 -0.137617290019989 0.1998930722475052 0.6847560405731201 -0.1857282817363739 0.15046267211437225 0.6402109861373901 -0.20533019304275513 0.11107979714870453 0.6053348779678345 -0.21727274358272552 0.31558680534362793 0.7119978666305542 -0.1400049328804016 0.2308466136455536 0.6197388172149658 -0.20040978491306305 0.17176420986652374 0.559531569480896 -0.22162120044231415 0.1204642653465271 0.5112300515174866 -0.235636904835701 0.34946000576019287 0.6763193011283875 -0.13325269520282745 0.27949997782707214 0.5860198140144348 -0.17816735804080963 0.22725775837898254 0.5426594018936157 -0.1859065294265747 0.18225964903831482 0.5145900845527649 -0.19010747969150543 0.3820074796676636 0.6495240926742554 -0.12464327365159988 0.33701756596565247 0.5696384906768799 -0.15549571812152863 0.30574876070022583 0.5347328186035156 -0.16267888247966766 0.2779201567173004 0.5153446197509766 -0.1688586324453354
0 0 0 0 0 0 0 0 0 0 0 0 0 0 0 0 0 0 0 0 0 0 0 0 0 0 0 0 0 0 0 0 0 0 0 0 0 0 0 0 0 0 0 0 0 0 0 0 0 0 0 0 0 0 0 0 0 0 0 0 0 0 0
0 0 0 0 0 0 0 0 0 0 0 0 0 0 0 0 0 0 0 0 0 0 0 0 0 0 0 0 0 0 0 0 0 0 0 0 0 0 0 0 0 0 0 0 0 0 0 0 0 0 0 0 0 0 0 0 0 0 0 0 0 0 0
0 0 0 0 0 0 0 0 0 0 0 0 0 0 0 0 0 0 0 0 0 0 0 0 0 0 0 0 0 0 0 0 0 0 0 0 0 0 0 0 0 0 0 0 0 0 0 0 0 0 0 0 0 0 0 0 0 0 0 0 0 0 0
0.24585804343223572 0.8788890838623047 -3.6817495718821647e-09 0.34077364206314087 0.908918559551239 0.05171999707818031 0.40234091877937317 0.8632611036300659 0.08515284210443497 0.4231225252151489 0.7918629050254822 0.11479486525058746 0.41141951084136963 0.7391049265861511 0.14667348563671112 0.42561885714530945 0.7413548231124878 0.05585638806223869 0.4294722378253937 0.68662029504776 0.10908017307519913 0.41332706809043884 0.717646598815918 0.1493176519870758 0.4016742408275604 0.7501067519187927 0.1709875464439392 0.3809352219104767 0.6916849613189697 0.04542326554656029 0.38603514432907104 0.6548043489456177 0.09895144402980804 0.37133511900901794 0.6835751533508301 0.13077488541603088 0.356436163187027 0.716816782951355 0.14707721769809723 0.32803869247436523 0.6615888476371765 0.043479688465595245 0.33847111463546753 0.6379233598709106 0.09697582572698593 0.3247434198856354 0.6682851910591125 0.12052550911903381 0.31078866124153137 0.7003056406974792 0.1280217170715332 0.27293726801872253 0.6457220315933228 0.04533251374959946 0.28716474771499634 0.6266008615493774 0.08707329630851746 0.2785554528236389 0.6567868590354919 0.10702027380466461 0.26797282695770264 0.6873219013214111 0.11710691452026367
0.24698853492736816 0.8754138350486755 -1.0590210486327578e-08 0.35169702768325806 0.9250850677490234 0.04470109939575195 0.4239767789840698 0.8751235008239746 0.08160707354545593 0.45093125104904175 0.7858319282531738 0.11659678816795349 0.44859373569488525 0.7169532179832458 0.15578335523605347 0.4455105662345886 0.7133385539054871 0.08179124444723129 0.44465500116348267 0.659738302230835 0.1521868109703064 0.42428410053253174 0.6962751746177673 0.2018037736415863 0.4067363739013672 0.7364338636398315 0.22842857241630554 0.3973653316497803 0.6588066220283508 0.0813155397772789 0.39751681685447693 0.6297051310539246 0.15358179807662964 0.38073107600212097 0.6602223515510559 0.18944670259952545 0.36355239152908325 0.6964444518089294 0.20834824442863464 0.34068718552589417 0.632030725479126 0.08793012797832489 0.34717798233032227 0.6147691607475281 0.1569686383008957 0.33295172452926636 0.6501608490943909 0.1800364851951599 0.31678956747055054 0.6895135045051575 0.1867336630821228 0.282423734664917 0.6152932047843933 0.09788347035646439 0.29138699173927307 0.6126183271408081 0.15202230215072632 0.2825756072998047 0.6483057141304016 0.17289841175079346 0.2740347981452942 0.6822518110275269 0.18360517919063568
0.22958143055438995 0.8466452956199646 -9.991875771220293e-09 0.3431513011455536 0.9100231528282166 0.05685432255268097 0.4211188852787018 0.8922766447067261 0.09604267030954361 0.4493066370487213 0.8343290090560913 0.13358290493488312 0.4339364171028137 0.7768999934196472 0.17724640667438507 0.45032602548599243 0.6837261319160461 0.08014354854822159 0.4640038013458252 0.647936224937439 0.15108022093772888 0.44871482253074646 0.6877764463424683 0.20263126492500305 0.4305862784385681 0.7267032861709595 0.23241391777992249 0.39776208996772766 0.6309038400650024 0.07929433882236481 0.4140150547027588 0.621569812297821 0.15414535999298096 0.40376952290534973 0.6525329351425171 0.19820661842823029 0.3880106210708618 0.6828799843788147 0.22344689071178436 0.3387035131454468 0.6114553809165955 0.08800116181373596 0.35919392108917236 0.6071126461029053 0.16213750839233398 0.35196372866630554 0.6391363143920898 0.19842620193958282 0.3348159193992615 0.6747400164604187 0.21506619453430176 0.28160029649734497 0.6064966917037964 0.1005951464176178 0.3022025525569916 0.6025416254997253 0.16223086416721344 0.29745274782180786 0.6345644593238831 0.1937108337879181 0.28507840633392334 0.6669691801071167 0.2128322422504425
0.21478720009326935 0.8013927340507507 -5.407483349983977e-09 0.3201189339160919 0.8841661214828491 0.03910982608795166 0.4064369201660156 0.9054224491119385 0.07314886897802353 0.45366084575653076 0.8873918652534485 0.1077541932463646 0.4490416646003723 0.8528566360473633 0.14911338686943054 0.44367116689682007 0.7051020860671997 0.07289018481969833 0.4681573212146759 0.684977114200592 0.13299353420734406 0.4512592554092407 0.7233226895332336 0.17711488902568817 0.4302990138530731 0.7504916787147522 0.20463505387306213 0.4027363359928131 0.6590232849121094 0.07982663810253143 0.4230075478553772 0.6565940380096436 0.14382730424404144 0.4098294973373413 0.6834414601325989 0.18262794613838196 0.39273717999458313 0.7025541067123413 0.20678602159023285 0.351170152425766 0.6368650197982788 0.09293238818645477 0.3762716054916382 0.6256731748580933 0.15120923519134521 0.3705795407295227 0.6466567516326904 0.18190503120422363 0.3575643301010132 0.6720148921012878 0.19891980290412903 0.30017757415771484 0.6266433596611023 0.10821432620286942 0.3192170560359955 0.6111317873001099 0.15819093585014343 0.3159003257751465 0.631803572177887 0.18573947250843048 0.30612775683403015 0.6555642485618591 0.20449236035346985
0 0 0 0 0 0 0 0 0 0 0 0 0 0 0 0 0 0 0 0 0 0 0 0 0 0 0 0 0 0 0 0 0 0 0 0 0 0 0 0 0 0 0 0 0 0 0 0 0 0 0 0 0 0 0 0 0 0 0 0 0 0 0
0 0 0 0 0 0 0 0 0 0 0 0 0 0 0 0 0 0 0 0 0 0 0 0 0 0 0 0 0 0 0 0 0 0 0 0 0 0 0 0 0 0 0 0 0 0 0 0 0 0 0 0 0 0 0 0 0 0 0 0 0 0 0
0 0 0 0 0 0 0 0 0 0 0 0 0 0 0 0 0 0 0 0 0 0 0 0 0 0 0 0 0 0 0 0 0 0 0 0 0 0 0 0 0 0 0 0 0 0 0 0 0 0 0 0 0 0 0 0 0 0 0 0 0 0 0
0 0 0 0 0 0 0 0 0 0 0 0 0 0 0 0 0 0 0 0 0 0 0 0 0 0 0 0 0 0 0 0 0 0 0 0 0 0 0 0 0 0 0 0 0 0 0 0 0 0 0 0 0 0 0 0 0 0 0 0 0 0 0
0 0 0 0 0 0 0 0 0 0 0 0 0 0 0 0 0 0 0 0 0 0 0 0 0 0 0 0 0 0 0 0 0 0 0 0 0 0 0 0 0 0 0 0 0 0 0 0 0 0 0 0 0 0 0 0 0 0 0 0 0 0 0
0 0 0 0 0 0 0 0 0 0 0 0 0 0 0 0 0 0 0 0 0 0 0 0 0 0 0 0 0 0 0 0 0 0 0 0 0 0 0 0 0 0 0 0 0 0 0 0 0 0 0 0 0 0 0 0 0 0 0 0 0 0 0
0 0 0 0 0 0 0 0 0 0 0 0 0 0 0 0 0 0 0 0 0 0 0 0 0 0 0 0 0 0 0 0 0 0 0 0 0 0 0 0 0 0 0 0 0 0 0 0 0 0 0 0 0 0 0 0 0 0 0 0 0 0 0
0.2796427607536316 0.8355547189712524 -6.112505640532007e-11 0.3733590245246887 0.8665977716445923 0.07845336198806763 0.43122220039367676 0.8217679262161255 0.12311040610074997 0.4426364600658417 0.7499551773071289 0.16088612377643585 0.4213312566280365 0.6963081359863281 0.202171191573143 0.4750591218471527 0.6879916787147522 0.08050496876239777 0.4722578525543213 0.6327946782112122 0.1461847424507141 0.438015878200531 0.6635758280754089 0.19520467519760132 0.4157828688621521 0.7004712224006653 0.2215600311756134 0.429551362991333 0.6212658286094666 0.06233479082584381 0.421750009059906 0.5958653688430786 0.13141943514347076 0.3945566415786743 0.6270370483398438 0.1719639152288437 0.37487590312957764 0.6641111373901367 0.19121034443378448 0.37058690190315247 0.581275224685669 0.05549909919500351 0.35756227374076843 0.571144700050354 0.12834139168262482 0.3375393748283386 0.6050381660461426 0.15525150299072266 0.32404136657714844 0.6404703855514526 0.16023164987564087 0.309259831905365 0.5569729208946228 0.05436881259083748 0.2940436601638794 0.5588728785514832 0.11429744213819504 0.2784205675125122 0.5973522067070007 0.1372680366039276 0.2701217532157898 0.631714940071106 0.1459416300058365
0.2604511082172394 0.8283438086509705 -8.077145174922862e-09 0.36390963196754456 0.8921139240264893 0.08717500418424606 0.4291539490222931 0.8626213073730469 0.1446877419948578 0.45050492882728577 0.7885981798171997 0.19390490651130676 0.4454305171966553 0.7284051775932312 0.2476133108139038 0.4759695827960968 0.694902241230011 0.131212517619133 0.48851364850997925 0.6522940397262573 0.21511228382587433 0.46581804752349854 0.6734278202056885 0.27288901805877686 0.4377062916755676 0.705290675163269 0.3060985207557678 0.4350924491882324 0.6224462985992432 0.11821891367435455 0.44065722823143005 0.6005436778068542 0.21054767072200775 0.4185161888599396 0.6216713786125183 0.2579403817653656 0.39356735348701477 0.6532697677612305 0.28361597657203674 0.3808739483356476 0.5794578790664673 0.11447547376155853 0.3775680661201477 0.5693196654319763 0.20494982600212097 0.3588275611400604 0.6003720760345459 0.23639999330043793 0.33887580037117004 0.6362164616584778 0.24631379544734955 0.3218727111816406 0.5487993955612183 0.11683454364538193 0.3171817362308502 0.550790548324585 0.1889936923980713 0.30319422483444214 0.5857841372489929 0.2165362387895584 0.2923249900341034 0.6189752221107483 0.2307904213666916
0.2411835938692093 0.8067709803581238 -8.19796142081941e-09 0.3458428382873535 0.8867164850234985 0.06693229079246521 0.4205242991447449 0.8838801980018616 0.11035549640655518 0.44988828897476196 0.832552433013916 0.14943809807300568 0.4327225387096405 0.7746288180351257 0.19458729028701782 0.47869616746902466 0.6826565861701965 0.09259366989135742 0.49225202202796936 0.6468514204025269 0.1615642011165619 0.4665053188800812 0.6773940920829773 0.20996227860450745 0.43975815176963806 0.7111361622810364 0.2373715490102768 0.435838907957077 0.6118797063827515 0.08437663316726685 0.44122961163520813 0.6103332042694092 0.1591459959745407 0.41917115449905396 0.6386153697967529 0.19903917610645294 0.3974997103214264 0.6654057502746582 0.22022581100463867 0.38028112053871155 0.5727443099021912 0.08550028502941132 0.3846597373485565 0.5746863484382629 0.15959399938583374 0.36801451444625854 0.6048797369003296 0.1888112872838974 0.34738028049468994 0.6358258724212646 0.1992330402135849 0.32215386629104614 0.5473514199256897 0.09120166301727295 0.3239712715148926 0.5516763925552368 0.1539699286222458 0.3103981614112854 0.5842451453208923 0.1811540126800537 0.2950727939605713 0.6139176487922668 0.19566965103149414
0.2260035276412964 0.74610835313797 -3.098025391778947e-09 0.31755539774894714 0.8421071767807007 0.022272713482379913 0.4034319519996643 0.8875513672828674 0.03433915600180626 0.46248847246170044 0.9019566178321838 0.04817581549286842 0.47989073395729065 0.893877387046814 0.06690765172243118 0.45716243982315063 0.6935387849807739 0.02333916164934635 0.46446555852890015 0.7207713723182678 0.0642658919095993 0.43238648772239685 0.7558776140213013 0.09412221610546112 0.40410512685775757 0.765728771686554 0.11063983291387558 0.4234318733215332 0.6304761171340942 0.02479437179863453 0.43493685126304626 0.671552300453186 0.07419217377901077 0.4109137952327728 0.6947426795959473 0.10407353937625885 0.3873266279697418 0.7020734548568726 0.11646255105733871 0.37689003348350525 0.5937334895133972 0.03268164396286011 0.3978731334209442 0.6209717392921448 0.08241680264472961 0.38194504380226135 0.6410015225410461 0.10645414888858795 0.3615316152572632 0.6549096703529358 0.11357450485229492 0.3278677463531494 0.5697716474533081 0.041443921625614166 0.34742072224617004 0.5840662121772766 0.08520051836967468 0.33775994181632996 0.6078615784645081 0.1075514405965805 0.3227940797805786 0.6243239641189575 0.1183466762304306
0 0 0 0 0 0 0 0 0 0 0 0 0 0 0 0 0 0 0 0 0 0 0 0 0 0 0 0 0 0 0 0 0 0 0 0 0 0 0 0 0 0 0 0 0 0 0 0 0 0 0 0 0 0 0 0 0 0 0 0 0 0 0
0 0 0 0 0 0 0 0 0 0 0 0 0 0 0 0 0 0 0 0 0 0 0 0 0 0 0 0 0 0 0 0 0 0 0 0 0 0 0 0 0 0 0 0 0 0 0 0 0 0 0 0 0 0 0 0 0 0 0 0 0 0 0
0 0 0 0 0 0 0 0 0 0 0 0 0 0 0 0 0 0 0 0 0 0 0 0 0 0 0 0 0 0 0 0 0 0 0 0 0 0 0 0 0 0 0 0 0 0 0 0 0 0 0 0 0 0 0 0 0 0 0 0 0 0 0
0 0 0 0 0 0 0 0 0 0 0 0 0 0 0 0 0 0 0 0 0 0 0 0 0 0 0 0 0 0 0 0 0 0 0 0 0 0 0 0 0 0 0 0 0 0 0 0 0 0 0 0 0 0 0 0 0 0 0 0 0 0 0
0 0 0 0 0 0 0 0 0 0 0 0 0 0 0 0 0 0 0 0 0 0 0 0 0 0 0 0 0 0 0 0 0 0 0 0 0 0 0 0 0 0 0 0 0 0 0 0 0 0 0 0 0 0 0 0 0 0 0 0 0 0 0
0 0 0 0 0 0 0 0 0 0 0 0 0 0 0 0 0 0 0 0 0 0 0 0 0 0 0 0 0 0 0 0 0 0 0 0 0 0 0 0 0 0 0 0 0 0 0 0 0 0 0 0 0 0 0 0 0 0 0 0 0 0 0
0.26049283146858215 0.8604170083999634 -2.423154343844658e-09 0.35989367961883545 0.9146260023117065 0.07760141789913177 0.4293725788593292 0.8825817108154297 0.13061834871768951 0.45446670055389404 0.8159257769584656 0.17653927206993103 0.4494117498397827 0.758944571018219 0.2269149273633957 0.4540739357471466 0.7175688743591309 0.11491365730762482 0.45859116315841675 0.6486571431159973 0.19606871902942657 0.43642526865005493 0.6747643351554871 0.25678297877311707 0.41861069202423096 0.7099592685699463 0.2919451594352722 0.41300565004348755 0.6554019451141357 0.10307508707046509 0.423473984003067 0.6029747128486633 0.1833248883485794 0.40607574582099915 0.6235608458518982 0.23309628665447235 0.3879733085632324 0.6613563895225525 0.2634332478046417 0.3606112599372864 0.6175744533538818 0.10030382871627808 0.37234607338905334 0.5819042921066284 0.17746670544147491 0.3544699251651764 0.6073522567749023 0.21410539746284485 0.3362935483455658 0.6452350616455078 0.23130324482917786 0.30326005816459656 0.5929660201072693 0.10276970267295837 0.3154836893081665 0.5684443712234497 0.16416719555854797 0.3032964766025543 0.6009886264801025 0.19390256702899933 0.2915817201137543 0.6384239792823792 0.21201418340206146
